0 0
1 0
2 218
3 218
4 11
5 233
6 245
7 22
8 38
9 37
10 0
11 0
12 218
13 218
14 11
15 233
16 245
17 22
18 38
19 37
20 0
21 0
22 218
23 218
24 11
25 233
26 245
27 22
28 38
29 37
30 0
31 0
32 218
33 218
34 11
35 233
36 245
37 22
38 38
39 37
40 0
41 0
42 218
43 218
44 11
45 233
46 245
47 22
48 38
49 37
50 0
51 0
52 218
53 218
54 11
55 233
56 245
57 22
58 38
59 37
60 0
61 0
62 218
63 218
64 11
65 233
66 245
67 22
68 38
69 37
70 0
71 0
72 218
73 218
74 11
75 233
76 245
77 22
78 38
79 37
80 0
81 0
82 218
83 218
84 11
85 233
86 245
87 22
88 38
89 37
90 0
91 0
92 218
93 218
94 11
95 233
96 245
97 22
98 38
99 37
100 0
101 0
102 218
103 218
104 11
105 233
106 245
107 22
108 38
109 37
110 0
111 0
112 218
113 218
114 11
115 233
116 245
117 22
118 38
119 37
120 0
121 0
122 218
123 218
124 11
125 233
126 245
127 22
128 38
129 37
130 0
131 0
132 218
133 218
134 11
135 233
136 245
137 22
138 38
139 37
140 0
141 0
142 218
143 218
144 11
145 233
146 245
147 22
148 38
149 37
150 0
151 0
152 218
153 218
154 11
155 233
156 245
157 22
158 38
159 37
160 0
161 0
162 218
163 218
164 11
165 233
166 245
167 22
168 38
169 37
170 0
171 0
172 218
173 218
174 11
175 233
176 245
177 22
178 38
179 37
180 0
181 0
182 218
183 218
184 11
185 233
186 245
187 22
188 38
189 37
190 0
191 0
192 218
193 218
194 11
195 233
196 245
197 22
198 38
199 37
200 0
201 0
202 218
203 218
204 11
205 233
206 245
207 22
208 38
209 37
210 0
211 0
212 218
213 218
214 11
215 233
216 245
217 22
218 38
219 37
220 0
221 0
222 218
223 218
224 11
225 233
226 245
227 22
228 38
229 37
230 0
231 0
232 218
233 218
234 11
235 233
236 245
237 22
238 38
239 37
240 0
241 0
242 218
243 218
244 11
245 233
246 245
247 22
248 38
249 37
250 0
251 0
252 218
253 218
254 11
255 233
256 245
257 22
258 38
259 37
260 0
261 0
262 218
263 218
264 11
265 233
266 245
267 22
268 38
269 37
270 0
271 0
272 218
273 218
274 11
275 233
276 245
277 22
278 38
279 37
280 0
281 0
282 218
283 218
284 11
285 233
286 245
287 22
288 38
289 37
290 0
291 0
292 218
293 218
294 11
295 233
296 245
297 22
298 38
299 37
300 0
301 0
302 218
303 218
304 11
305 233
306 245
307 22
308 38
309 37
310 0
311 0
312 218
313 218
314 11
315 233
316 245
317 22
318 38
319 37
320 0
321 0
322 218
323 218
324 11
325 233
326 245
327 22
328 38
329 37
330 0
331 0
332 218
333 218
334 11
335 233
336 245
337 22
338 38
339 37
340 0
341 0
342 218
343 218
344 11
345 233
346 245
347 22
348 38
349 37
350 0
351 0
352 218
353 218
354 11
355 233
356 245
357 22
358 38
359 37
360 0
361 0
362 218
363 218
364 11
365 233
366 245
367 22
368 38
369 37
370 0
371 0
372 218
373 218
374 11
375 233
376 245
377 22
378 38
379 37
380 0
381 0
382 218
383 218
384 11
385 233
386 245
387 22
388 38
389 37
390 0
391 0
392 218
393 218
394 11
395 233
396 245
397 22
398 38
399 37
400 0
401 0
402 218
403 218
404 11
405 233
406 245
407 22
408 38
409 37
410 0
411 0
412 218
413 218
414 11
415 233
416 245
417 22
418 38
419 37
420 0
421 0
422 218
423 218
424 11
425 233
426 245
427 22
428 38
429 37
430 0
431 0
432 218
433 218
434 11
435 233
436 245
437 22
438 38
439 37
440 0
441 0
442 218
443 218
444 11
445 233
446 245
447 22
448 38
449 37
450 0
451 0
452 218
453 218
454 11
455 233
456 245
457 22
458 38
459 37
460 0
461 0
462 218
463 218
464 11
465 233
466 245
467 22
468 38
469 37
470 0
471 0
472 218
473 218
474 11
475 233
476 245
477 22
478 38
479 37
480 0
481 0
482 218
483 218
484 11
485 233
486 245
487 22
488 38
489 37
490 0
491 0
492 218
493 218
494 11
495 233
496 245
497 22
498 38
499 37
500 0
501 0
502 218
503 218
504 11
505 233
506 245
507 22
508 38
509 37
510 0
511 0
512 218
513 218
514 11
515 233
516 245
517 22
518 38
519 37
520 0
521 0
522 218
523 218
524 11
525 233
526 245
527 22
528 38
529 37
530 0
531 0
532 218
533 218
534 11
535 233
536 245
537 22
538 38
539 37
540 0
541 0
542 218
543 218
544 11
545 233
546 245
547 22
548 38
549 37
550 0
551 0
552 218
553 218
554 11
555 233
556 245
557 22
558 38
559 37
560 0
561 0
562 218
563 218
564 11
565 233
566 245
567 22
568 38
569 37
570 0
571 0
572 218
573 218
574 11
575 233
576 245
577 22
578 38
579 37
580 0
581 0
582 218
583 218
584 11
585 233
586 245
587 22
588 38
589 37
590 0
591 0
592 218
593 218
594 11
595 233
596 245
597 22
598 38
599 37
600 0
601 0
602 218
603 218
604 11
605 233
606 245
607 22
608 38
609 37
610 0
611 0
612 218
613 218
614 11
615 233
616 245
617 22
618 38
619 37
620 0
621 0
622 218
623 218
624 11
625 233
626 245
627 22
628 38
629 37
630 0
631 0
632 218
633 218
634 11
635 233
636 245
637 22
638 38
639 37
640 0
641 0
642 218
643 218
644 11
645 233
646 245
647 22
648 38
649 37
650 0
651 0
652 218
653 218
654 11
655 233
656 245
657 22
658 38
659 37
660 0
661 0
662 218
663 218
664 11
665 233
666 245
667 22
668 38
669 37
670 0
671 0
672 218
673 218
674 11
675 233
676 245
677 22
678 38
679 37
680 0
681 0
682 218
683 218
684 11
685 233
686 245
687 22
688 38
689 37
690 0
691 0
692 218
693 218
694 11
695 233
696 245
697 22
698 38
699 37
700 0
701 0
702 218
703 218
704 11
705 233
706 245
707 22
708 38
709 37
710 0
711 0
712 218
713 218
714 11
715 233
716 245
717 22
718 38
719 37
720 0
721 0
722 218
723 218
724 11
725 233
726 245
727 22
728 38
729 37
730 0
731 0
732 218
733 218
734 11
735 233
736 245
737 22
738 38
739 37
740 0
741 0
742 218
743 218
744 11
745 233
746 245
747 22
748 38
749 37
750 0
751 0
752 218
753 218
754 11
755 233
756 245
757 22
758 38
759 37
760 0
761 0
762 218
763 218
764 11
765 233
766 245
767 22
768 38
769 37
770 0
771 0
772 218
773 218
774 11
775 233
776 245
777 22
778 38
779 37
780 0
781 0
782 218
783 218
784 11
785 233
786 245
787 22
788 38
789 37
790 0
791 0
792 218
793 218
794 11
795 233
796 245
797 22
798 38
799 37
800 0
801 0
802 218
803 218
804 11
805 233
806 245
807 22
808 38
809 37
810 0
811 0
812 218
813 218
814 11
815 233
816 245
817 22
818 38
819 37
820 0
821 0
822 218
823 218
824 11
825 233
826 245
827 22
828 38
829 37
830 0
831 0
832 218
833 218
834 11
835 233
836 245
837 22
838 38
839 37
840 0
841 0
842 218
843 218
844 11
845 233
846 245
847 22
848 38
849 37
850 0
851 0
852 218
853 218
854 11
855 233
856 245
857 22
858 38
859 37
860 0
861 0
862 218
863 218
864 11
865 233
866 245
867 22
868 38
869 37
870 0
871 0
872 218
873 218
874 11
875 233
876 245
877 22
878 38
879 37
880 0
881 0
882 218
883 218
884 11
885 233
886 245
887 22
888 38
889 37
890 0
891 0
892 218
893 218
894 11
895 233
896 245
897 22
898 38
899 37
900 0
901 0
902 218
903 218
904 11
905 233
906 245
907 22
908 38
909 37
910 0
911 0
912 218
913 218
914 11
915 233
916 245
917 22
918 38
919 37
920 0
921 0
922 218
923 218
924 11
925 233
926 245
927 22
928 38
929 37
930 0
931 0
932 218
933 218
934 11
935 233
936 245
937 22
938 38
939 37
940 0
941 0
942 218
943 218
944 11
945 233
946 245
947 22
948 38
949 37
950 0
951 0
952 218
953 218
954 11
955 233
956 245
957 22
958 38
959 37
960 0
961 0
962 218
963 218
964 11
965 233
966 245
967 22
968 38
969 37
970 0
971 0
972 218
973 218
974 11
975 233
976 245
977 22
978 38
979 37
980 0
981 0
982 218
983 218
984 11
985 233
986 245
987 22
988 38
989 37
990 0
991 0
992 218
993 218
994 11
995 233
996 245
997 22
998 38
999 37
1000 0
1001 0
1002 218
1003 218
1004 11
1005 233
1006 245
1007 22
1008 38
1009 37
1010 0
1011 0
1012 218
1013 218
1014 11
1015 233
1016 245
1017 22
1018 38
1019 37
1020 0
1021 0
1022 218
1023 218
1024 11
1025 233
1026 245
1027 22
1028 38
1029 37
1030 0
1031 0
1032 218
1033 218
1034 11
1035 233
1036 245
1037 22
1038 38
1039 37
1040 0
1041 0
1042 218
1043 218
1044 11
1045 233
1046 245
1047 22
1048 38
1049 37
1050 0
1051 0
1052 218
1053 218
1054 11
1055 233
1056 245
1057 22
1058 38
1059 37
1060 0
1061 0
1062 218
1063 218
1064 11
1065 233
1066 245
1067 22
1068 38
1069 37
1070 0
1071 0
1072 218
1073 218
1074 11
1075 233
1076 245
1077 22
1078 38
1079 37
1080 0
1081 0
1082 218
1083 218
1084 11
1085 233
1086 245
1087 22
1088 38
1089 37
1090 0
1091 0
1092 218
1093 218
1094 11
1095 233
1096 245
1097 22
1098 38
1099 37
1100 0
1101 0
1102 218
1103 218
1104 11
1105 233
1106 245
1107 22
1108 38
1109 37
1110 0
1111 0
1112 218
1113 218
1114 11
1115 233
1116 245
1117 22
1118 38
1119 37
1120 0
1121 0
1122 218
1123 218
1124 11
1125 233
1126 245
1127 22
1128 38
1129 37
1130 0
1131 0
1132 218
1133 218
1134 11
1135 233
1136 245
1137 22
1138 38
1139 37
1140 0
1141 0
1142 218
1143 218
1144 11
1145 233
1146 245
1147 22
1148 38
1149 37
1150 0
1151 0
1152 218
1153 218
1154 11
1155 233
1156 245
1157 22
1158 38
1159 37
1160 0
1161 0
1162 218
1163 218
1164 11
1165 233
1166 245
1167 22
1168 38
1169 37
1170 0
1171 0
1172 218
1173 218
1174 11
1175 233
1176 245
1177 22
1178 38
1179 37
1180 0
1181 0
1182 218
1183 218
1184 11
1185 233
1186 245
1187 22
1188 38
1189 37
1190 0
1191 0
1192 218
1193 218
1194 11
1195 233
1196 245
1197 22
1198 38
1199 37
1200 0
1201 0
1202 218
1203 218
1204 11
1205 233
1206 245
1207 22
1208 38
1209 37
1210 0
1211 0
1212 218
1213 218
1214 11
1215 233
1216 245
1217 22
1218 38
1219 37
1220 0
1221 0
1222 218
1223 218
1224 11
1225 233
1226 245
1227 22
1228 38
1229 37
1230 0
1231 0
1232 218
1233 218
1234 11
1235 233
1236 245
1237 22
1238 38
1239 37
1240 0
1241 0
1242 218
1243 218
1244 11
1245 233
1246 245
1247 22
1248 38
1249 37
1250 0
1251 0
1252 218
1253 218
1254 11
1255 233
1256 245
1257 22
1258 38
1259 37
1260 0
1261 0
1262 218
1263 218
1264 11
1265 233
1266 245
1267 22
1268 38
1269 37
1270 0
1271 0
1272 218
1273 218
1274 11
1275 233
1276 245
1277 22
1278 38
1279 37
1280 0
1281 0
1282 218
1283 218
1284 11
1285 233
1286 245
1287 22
1288 38
1289 37
1290 0
1291 0
1292 218
1293 218
1294 11
1295 233
1296 245
1297 22
1298 38
1299 37
1300 0
1301 0
1302 218
1303 218
1304 11
1305 233
1306 245
1307 22
1308 38
1309 37
1310 0
1311 0
1312 218
1313 218
1314 11
1315 233
1316 245
1317 22
1318 38
1319 37
1320 0
1321 0
1322 218
1323 218
1324 11
1325 233
1326 245
1327 22
1328 38
1329 37
1330 0
1331 0
1332 218
1333 218
1334 11
1335 233
1336 245
1337 22
1338 38
1339 37
1340 0
1341 0
1342 218
1343 218
1344 11
1345 233
1346 245
1347 22
1348 38
1349 37
1350 0
1351 0
1352 218
1353 218
1354 11
1355 233
1356 245
1357 22
1358 38
1359 37
1360 0
1361 0
1362 218
1363 218
1364 11
1365 233
1366 245
1367 22
1368 38
1369 37
1370 0
1371 0
1372 218
1373 218
1374 11
1375 233
1376 245
1377 22
1378 38
1379 37
1380 0
1381 0
1382 218
1383 218
1384 11
1385 233
1386 245
1387 22
1388 38
1389 37
1390 0
1391 0
1392 218
1393 218
1394 11
1395 233
1396 245
1397 22
1398 38
1399 37
1400 0
1401 0
1402 218
1403 218
1404 11
1405 233
1406 245
1407 22
1408 38
1409 37
1410 0
1411 0
1412 218
1413 218
1414 11
1415 233
1416 245
1417 22
1418 38
1419 37
1420 0
1421 0
1422 218
1423 218
1424 11
1425 233
1426 245
1427 22
1428 38
1429 37
1430 0
1431 0
1432 218
1433 218
1434 11
1435 233
1436 245
1437 22
1438 38
1439 37
1440 0
1441 0
1442 218
1443 218
1444 11
1445 233
1446 245
1447 22
1448 38
1449 37
1450 0
1451 0
1452 218
1453 218
1454 11
1455 233
1456 245
1457 22
1458 38
1459 37
1460 0
1461 0
1462 218
1463 218
1464 11
1465 233
1466 245
1467 22
1468 38
1469 37
1470 0
1471 0
1472 218
1473 218
1474 11
1475 233
1476 245
1477 22
1478 38
1479 37
1480 0
1481 0
1482 218
1483 218
1484 11
1485 233
1486 245
1487 22
1488 38
1489 37
1490 0
1491 0
1492 218
1493 218
1494 11
1495 233
1496 245
1497 22
1498 38
1499 37
1500 0
1501 0
1502 218
1503 218
1504 11
1505 233
1506 245
1507 22
1508 38
1509 37
1510 0
1511 0
1512 218
1513 218
1514 11
1515 233
1516 245
1517 22
1518 38
1519 37
1520 0
1521 0
1522 218
1523 218
1524 11
1525 233
1526 245
1527 22
1528 38
1529 37
1530 0
1531 0
1532 218
1533 218
1534 11
1535 233
1536 245
1537 22
1538 38
1539 37
1540 0
1541 0
1542 218
1543 218
1544 11
1545 233
1546 245
1547 22
1548 38
1549 37
1550 0
1551 0
1552 218
1553 218
1554 11
1555 233
1556 245
1557 22
1558 38
1559 37
1560 0
1561 0
1562 218
1563 218
1564 11
1565 233
1566 245
1567 22
1568 38
1569 37
1570 0
1571 0
1572 218
1573 218
1574 11
1575 233
1576 245
1577 22
1578 38
1579 37
1580 0
1581 0
1582 218
1583 218
1584 11
1585 233
1586 245
1587 22
1588 38
1589 37
1590 0
1591 0
1592 218
1593 218
1594 11
1595 233
1596 245
1597 22
1598 38
1599 37
1600 0
1601 0
1602 218
1603 218
1604 11
1605 233
1606 245
1607 22
1608 38
1609 37
1610 0
1611 0
1612 218
1613 218
1614 11
1615 233
1616 245
1617 22
1618 38
1619 37
1620 0
1621 0
1622 218
1623 218
1624 11
1625 233
1626 245
1627 22
1628 38
1629 37
1630 0
1631 0
1632 218
1633 218
1634 11
1635 233
1636 245
1637 22
1638 38
1639 37
1640 0
1641 0
1642 218
1643 218
1644 11
1645 233
1646 245
1647 22
1648 38
1649 37
1650 0
1651 0
1652 218
1653 218
1654 11
1655 233
1656 245
1657 22
1658 38
1659 37
1660 0
1661 0
1662 218
1663 218
1664 11
1665 233
1666 245
1667 22
1668 38
1669 37
1670 0
1671 0
1672 218
1673 218
1674 11
1675 233
1676 245
1677 22
1678 38
1679 37
1680 0
1681 0
1682 218
1683 218
1684 11
1685 233
1686 245
1687 22
1688 38
1689 37
1690 0
1691 0
1692 218
1693 218
1694 11
1695 233
1696 245
1697 22
1698 38
1699 37
1700 0
1701 0
1702 218
1703 218
1704 11
1705 233
1706 245
1707 22
1708 38
1709 37
1710 0
1711 0
1712 218
1713 218
1714 11
1715 233
1716 245
1717 22
1718 38
1719 37
1720 0
1721 0
1722 218
1723 218
1724 11
1725 233
1726 245
1727 22
1728 38
1729 37
1730 0
1731 0
1732 218
1733 218
1734 11
1735 233
1736 245
1737 22
1738 38
1739 37
1740 0
1741 0
1742 218
1743 218
1744 11
1745 233
1746 245
1747 22
1748 38
1749 37
1750 0
1751 0
1752 218
1753 218
1754 11
1755 233
1756 245
1757 22
1758 38
1759 37
1760 0
1761 0
1762 218
1763 218
1764 11
1765 233
1766 245
1767 22
1768 38
1769 37
1770 0
1771 0
1772 218
1773 218
1774 11
1775 233
1776 245
1777 22
1778 38
1779 37
1780 0
1781 0
1782 218
1783 218
1784 11
1785 233
1786 245
1787 22
1788 38
1789 37
1790 0
1791 0
1792 218
1793 218
1794 11
1795 233
1796 245
1797 22
1798 38
1799 37
1800 0
1801 0
1802 218
1803 218
1804 11
1805 233
1806 245
1807 22
1808 38
1809 37
1810 0
1811 0
1812 218
1813 218
1814 11
1815 233
1816 245
1817 22
1818 38
1819 37
1820 0
1821 0
1822 218
1823 218
1824 11
1825 233
1826 245
1827 22
1828 38
1829 37
1830 0
1831 0
1832 218
1833 218
1834 11
1835 233
1836 245
1837 22
1838 38
1839 37
1840 0
1841 0
1842 218
1843 218
1844 11
1845 233
1846 245
1847 22
1848 38
1849 37
1850 0
1851 0
1852 218
1853 218
1854 11
1855 233
1856 245
1857 22
1858 38
1859 37
1860 0
1861 0
1862 218
1863 218
1864 11
1865 233
1866 245
1867 22
1868 38
1869 37
1870 0
1871 0
1872 218
1873 218
1874 11
1875 233
1876 245
1877 22
1878 38
1879 37
1880 0
1881 0
1882 218
1883 218
1884 11
1885 233
1886 245
1887 22
1888 38
1889 37
1890 0
1891 0
1892 218
1893 218
1894 11
1895 233
1896 245
1897 22
1898 38
1899 37
1900 0
1901 0
1902 218
1903 218
1904 11
1905 233
1906 245
1907 22
1908 38
1909 37
1910 0
1911 0
1912 218
1913 218
1914 11
1915 233
1916 245
1917 22
1918 38
1919 37
1920 0
1921 0
1922 218
1923 218
1924 11
1925 233
1926 245
1927 22
1928 38
1929 37
1930 0
1931 0
1932 218
1933 218
1934 11
1935 233
1936 245
1937 22
1938 38
1939 37
1940 0
1941 0
1942 218
1943 218
1944 11
1945 233
1946 245
1947 22
1948 38
1949 37
1950 0
1951 0
1952 218
1953 218
1954 11
1955 233
1956 245
1957 22
1958 38
1959 37
1960 0
1961 0
1962 218
1963 218
1964 11
1965 233
1966 245
1967 22
1968 38
1969 37
1970 0
1971 0
1972 218
1973 218
1974 11
1975 233
1976 245
1977 22
1978 38
1979 37
1980 0
1981 0
1982 218
1983 218
1984 11
1985 233
1986 245
1987 22
1988 38
1989 37
1990 0
1991 0
1992 218
1993 218
1994 11
1995 233
1996 245
1997 22
1998 38
1999 37
2000 0
2001 0
2002 218
2003 218
2004 11
2005 233
2006 245
2007 22
2008 38
2009 37
2010 0
2011 0
2012 218
2013 218
2014 11
2015 233
2016 245
2017 22
2018 38
2019 37
2020 0
2021 0
2022 218
2023 218
2024 11
2025 233
2026 245
2027 22
2028 38
2029 37
2030 0
2031 0
2032 218
2033 218
2034 11
2035 233
2036 245
2037 22
2038 38
2039 37
2040 0
2041 0
2042 218
2043 218
2044 11
2045 233
2046 245
2047 22
2048 38
2049 37
2050 0
2051 0
2052 218
2053 218
2054 11
2055 233
2056 245
2057 22
2058 38
2059 37
2060 0
2061 0
2062 218
2063 218
2064 11
2065 233
2066 245
2067 22
2068 38
2069 37
2070 0
2071 0
2072 218
2073 218
2074 11
2075 233
2076 245
2077 22
2078 38
2079 37
2080 0
2081 0
2082 218
2083 218
2084 11
2085 233
2086 245
2087 22
2088 38
2089 37
2090 0
2091 0
2092 218
2093 218
2094 11
2095 233
2096 245
2097 22
2098 38
2099 37
2100 0
2101 0
2102 218
2103 218
2104 11
2105 233
2106 245
2107 22
2108 38
2109 37
2110 0
2111 0
2112 218
2113 218
2114 11
2115 233
2116 245
2117 22
2118 38
2119 37
2120 0
2121 0
2122 218
2123 218
2124 11
2125 233
2126 245
2127 22
2128 38
2129 37
2130 0
2131 0
2132 218
2133 218
2134 11
2135 233
2136 245
2137 22
2138 38
2139 37
2140 0
2141 0
2142 218
2143 218
2144 11
2145 233
2146 245
2147 22
2148 38
2149 37
2150 0
2151 0
2152 218
2153 218
2154 11
2155 233
2156 245
2157 22
2158 38
2159 37
2160 0
2161 0
2162 218
2163 218
2164 11
2165 233
2166 245
2167 22
2168 38
2169 37
2170 0
2171 0
2172 218
2173 218
2174 11
2175 233
2176 245
2177 22
2178 38
2179 37
2180 0
2181 0
2182 218
2183 218
2184 11
2185 233
2186 245
2187 22
2188 38
2189 37
2190 0
2191 0
2192 218
2193 218
2194 11
2195 233
2196 245
2197 22
2198 38
2199 37
2200 0
2201 0
2202 218
2203 218
2204 11
2205 233
2206 245
2207 22
2208 38
2209 37
2210 0
2211 0
2212 218
2213 218
2214 11
2215 233
2216 245
2217 22
2218 38
2219 37
2220 0
2221 0
2222 218
2223 218
2224 11
2225 233
2226 245
2227 22
2228 38
2229 37
2230 0
2231 0
2232 218
2233 218
2234 11
2235 233
2236 245
2237 22
2238 38
2239 37
2240 0
2241 0
2242 218
2243 218
2244 11
2245 233
2246 245
2247 22
2248 38
2249 37
2250 0
2251 0
2252 218
2253 218
2254 11
2255 233
2256 245
2257 22
2258 38
2259 37
2260 0
2261 0
2262 218
2263 218
2264 11
2265 233
2266 245
2267 22
2268 38
2269 37
2270 0
2271 0
2272 218
2273 218
2274 11
2275 233
2276 245
2277 22
2278 38
2279 37
2280 0
2281 0
2282 218
2283 218
2284 11
2285 233
2286 245
2287 22
2288 38
2289 37
2290 0
2291 0
2292 218
2293 218
2294 11
2295 233
2296 245
2297 22
2298 38
2299 37
2300 0
2301 0
2302 218
2303 218
2304 11
2305 233
2306 245
2307 22
2308 38
2309 37
2310 0
2311 0
2312 218
2313 218
2314 11
2315 233
2316 245
2317 22
2318 38
2319 37
2320 0
2321 0
2322 218
2323 218
2324 11
2325 233
2326 245
2327 22
2328 38
2329 37
2330 0
2331 0
2332 218
2333 218
2334 11
2335 233
2336 245
2337 22
2338 38
2339 37
2340 0
2341 0
2342 218
2343 218
2344 11
2345 233
2346 245
2347 22
2348 38
2349 37
2350 0
2351 0
2352 218
2353 218
2354 11
2355 233
2356 245
2357 22
2358 38
2359 37
2360 0
2361 0
2362 218
2363 218
2364 11
2365 233
2366 245
2367 22
2368 38
2369 37
2370 0
2371 0
2372 218
2373 218
2374 11
2375 233
2376 245
2377 22
2378 38
2379 37
2380 0
2381 0
2382 218
2383 218
2384 11
2385 233
2386 245
2387 22
2388 38
2389 37
2390 0
2391 0
2392 218
2393 218
2394 11
2395 233
2396 245
2397 22
2398 38
2399 37
2400 0
2401 0
2402 218
2403 218
2404 11
2405 233
2406 245
2407 22
2408 38
2409 37
2410 0
2411 0
2412 218
2413 218
2414 11
2415 233
2416 245
2417 22
2418 38
2419 37
2420 0
2421 0
2422 218
2423 218
2424 11
2425 233
2426 245
2427 22
2428 38
2429 37
2430 0
2431 0
2432 218
2433 218
2434 11
2435 233
2436 245
2437 22
2438 38
2439 37
2440 0
2441 0
2442 218
2443 218
2444 11
2445 233
2446 245
2447 22
2448 38
2449 37
2450 0
2451 0
2452 218
2453 218
2454 11
2455 233
2456 245
2457 22
2458 38
2459 37
2460 0
2461 0
2462 218
2463 218
2464 11
2465 233
2466 245
2467 22
2468 38
2469 37
2470 0
2471 0
2472 218
2473 218
2474 11
2475 233
2476 245
2477 22
2478 38
2479 37
2480 0
2481 0
2482 218
2483 218
2484 11
2485 233
2486 245
2487 22
2488 38
2489 37
2490 0
2491 0
2492 218
2493 218
2494 11
2495 233
2496 245
2497 22
2498 38
2499 37
2500 0
2501 0
2502 218
2503 218
2504 11
2505 233
2506 245
2507 22
2508 38
2509 37
2510 0
2511 0
2512 218
2513 218
2514 11
2515 233
2516 245
2517 22
2518 38
2519 37
2520 0
2521 0
2522 218
2523 218
2524 11
2525 233
2526 245
2527 22
2528 38
2529 37
2530 0
2531 0
2532 218
2533 218
2534 11
2535 233
2536 245
2537 22
2538 38
2539 37
2540 0
2541 0
2542 218
2543 218
2544 11
2545 233
2546 245
2547 22
2548 38
2549 37
2550 0
2551 0
2552 218
2553 218
2554 11
2555 233
2556 245
2557 22
2558 38
2559 37
2560 0
2561 0
2562 218
2563 218
2564 11
2565 233
2566 245
2567 22
2568 38
2569 37
2570 0
2571 0
2572 218
2573 218
2574 11
2575 233
2576 245
2577 22
2578 38
2579 37
2580 0
2581 0
2582 218
2583 218
2584 11
2585 233
2586 245
2587 22
2588 38
2589 37
2590 0
2591 0
2592 218
2593 218
2594 11
2595 233
2596 245
2597 22
2598 38
2599 37
2600 0
2601 0
2602 218
2603 218
2604 11
2605 233
2606 245
2607 22
2608 38
2609 37
2610 0
2611 0
2612 218
2613 218
2614 11
2615 233
2616 245
2617 22
2618 38
2619 37
2620 0
2621 0
2622 218
2623 218
2624 11
2625 233
2626 245
2627 22
2628 38
2629 37
2630 0
2631 0
2632 218
2633 218
2634 11
2635 233
2636 245
2637 22
2638 38
2639 37
2640 0
2641 0
2642 218
2643 218
2644 11
2645 233
2646 245
2647 22
2648 38
2649 37
2650 0
2651 0
2652 218
2653 218
2654 11
2655 233
2656 245
2657 22
2658 38
2659 37
2660 0
2661 0
2662 218
2663 218
2664 11
2665 233
2666 245
2667 22
2668 38
2669 37
2670 0
2671 0
2672 218
2673 218
2674 11
2675 233
2676 245
2677 22
2678 38
2679 37
2680 0
2681 0
2682 218
2683 218
2684 11
2685 233
2686 245
2687 22
2688 38
2689 37
2690 0
2691 0
2692 218
2693 218
2694 11
2695 233
2696 245
2697 22
2698 38
2699 37
2700 0
2701 0
2702 218
2703 218
2704 11
2705 233
2706 245
2707 22
2708 38
2709 37
2710 0
2711 0
2712 218
2713 218
2714 11
2715 233
2716 245
2717 22
2718 38
2719 37
2720 0
2721 0
2722 218
2723 218
2724 11
2725 233
2726 245
2727 22
2728 38
2729 37
2730 0
2731 0
2732 218
2733 218
2734 11
2735 233
2736 245
2737 22
2738 38
2739 37
2740 0
2741 0
2742 218
2743 218
2744 11
2745 233
2746 245
2747 22
2748 38
2749 37
2750 0
2751 0
2752 218
2753 218
2754 11
2755 233
2756 245
2757 22
2758 38
2759 37
2760 0
2761 0
2762 218
2763 218
2764 11
2765 233
2766 245
2767 22
2768 38
2769 37
2770 0
2771 0
2772 218
2773 218
2774 11
2775 233
2776 245
2777 22
2778 38
2779 37
2780 0
2781 0
2782 218
2783 218
2784 11
2785 233
2786 245
2787 22
2788 38
2789 37
2790 0
2791 0
2792 218
2793 218
2794 11
2795 233
2796 245
2797 22
2798 38
2799 37
2800 0
2801 0
2802 218
2803 218
2804 11
2805 233
2806 245
2807 22
2808 38
2809 37
2810 0
2811 0
2812 218
2813 218
2814 11
2815 233
2816 245
2817 22
2818 38
2819 37
2820 0
2821 0
2822 218
2823 218
2824 11
2825 233
2826 245
2827 22
2828 38
2829 37
2830 0
2831 0
2832 218
2833 218
2834 11
2835 233
2836 245
2837 22
2838 38
2839 37
2840 0
2841 0
2842 218
2843 218
2844 11
2845 233
2846 245
2847 22
2848 38
2849 37
2850 0
2851 0
2852 218
2853 218
2854 11
2855 233
2856 245
2857 22
2858 38
2859 37
2860 0
2861 0
2862 218
2863 218
2864 11
2865 233
2866 245
2867 22
2868 38
2869 37
2870 0
2871 0
2872 218
2873 218
2874 11
2875 233
2876 245
2877 22
2878 38
2879 37
2880 0
2881 0
2882 218
2883 218
2884 11
2885 233
2886 245
2887 22
2888 38
2889 37
2890 0
2891 0
2892 218
2893 218
2894 11
2895 233
2896 245
2897 22
2898 38
2899 37
2900 0
2901 0
2902 218
2903 218
2904 11
2905 233
2906 245
2907 22
2908 38
2909 37
2910 0
2911 0
2912 218
2913 218
2914 11
2915 233
2916 245
2917 22
2918 38
2919 37
2920 0
2921 0
2922 218
2923 218
2924 11
2925 233
2926 245
2927 22
2928 38
2929 37
2930 0
2931 0
2932 218
2933 218
2934 11
2935 233
2936 245
2937 22
2938 38
2939 37
2940 0
2941 0
2942 218
2943 218
2944 11
2945 233
2946 245
2947 22
2948 38
2949 37
2950 0
2951 0
2952 218
2953 218
2954 11
2955 233
2956 245
2957 22
2958 38
2959 37
2960 0
2961 0
2962 218
2963 218
2964 11
2965 233
2966 245
2967 22
2968 38
2969 37
2970 0
2971 0
2972 218
2973 218
2974 11
2975 233
2976 245
2977 22
2978 38
2979 37
2980 0
2981 0
2982 218
2983 218
2984 11
2985 233
2986 245
2987 22
2988 38
2989 37
2990 0
2991 0
2992 218
2993 218
2994 11
2995 233
2996 245
2997 22
2998 38
2999 37
3000 0
3001 0
3002 218
3003 218
3004 11
3005 233
3006 245
3007 22
3008 38
3009 37
3010 0
3011 0
3012 218
3013 218
3014 11
3015 233
3016 245
3017 22
3018 38
3019 37
3020 0
3021 0
3022 218
3023 218
3024 11
3025 233
3026 245
3027 22
3028 38
3029 37
3030 0
3031 0
3032 218
3033 218
3034 11
3035 233
3036 245
3037 22
3038 38
3039 37
3040 0
3041 0
3042 218
3043 218
3044 11
3045 233
3046 245
3047 22
3048 38
3049 37
3050 0
3051 0
3052 218
3053 218
3054 11
3055 233
3056 245
3057 22
3058 38
3059 37
3060 0
3061 0
3062 218
3063 218
3064 11
3065 233
3066 245
3067 22
3068 38
3069 37
3070 0
3071 0
3072 218
3073 218
3074 11
3075 233
3076 245
3077 22
3078 38
3079 37
3080 0
3081 0
3082 218
3083 218
3084 11
3085 233
3086 245
3087 22
3088 38
3089 37
3090 0
3091 0
3092 218
3093 218
3094 11
3095 233
3096 245
3097 22
3098 38
3099 37
3100 0
3101 0
3102 218
3103 218
3104 11
3105 233
3106 245
3107 22
3108 38
3109 37
3110 0
3111 0
3112 218
3113 218
3114 11
3115 233
3116 245
3117 22
3118 38
3119 37
3120 0
3121 0
3122 218
3123 218
3124 11
3125 233
3126 245
3127 22
3128 38
3129 37
3130 0
3131 0
3132 218
3133 218
3134 11
3135 233
3136 245
3137 22
3138 38
3139 37
3140 0
3141 0
3142 218
3143 218
3144 11
3145 233
3146 245
3147 22
3148 38
3149 37
3150 0
3151 0
3152 218
3153 218
3154 11
3155 233
3156 245
3157 22
3158 38
3159 37
3160 0
3161 0
3162 218
3163 218
3164 11
3165 233
3166 245
3167 22
3168 38
3169 37
3170 0
3171 0
3172 218
3173 218
3174 11
3175 233
3176 245
3177 22
3178 38
3179 37
3180 0
3181 0
3182 218
3183 218
3184 11
3185 233
3186 245
3187 22
3188 38
3189 37
3190 0
3191 0
3192 218
3193 218
3194 11
3195 233
3196 245
3197 22
3198 38
3199 37
3200 0
3201 0
3202 218
3203 218
3204 11
3205 233
3206 245
3207 22
3208 38
3209 37
3210 0
3211 0
3212 218
3213 218
3214 11
3215 233
3216 245
3217 22
3218 38
3219 37
3220 0
3221 0
3222 218
3223 218
3224 11
3225 233
3226 245
3227 22
3228 38
3229 37
3230 0
3231 0
3232 218
3233 218
3234 11
3235 233
3236 245
3237 22
3238 38
3239 37
3240 0
3241 0
3242 218
3243 218
3244 11
3245 233
3246 245
3247 22
3248 38
3249 37
3250 0
3251 0
3252 218
3253 218
3254 11
3255 233
3256 245
3257 22
3258 38
3259 37
3260 0
3261 0
3262 218
3263 218
3264 11
3265 233
3266 245
3267 22
3268 38
3269 37
3270 0
3271 0
3272 218
3273 218
3274 11
3275 233
3276 245
3277 22
3278 38
3279 37
3280 0
3281 0
3282 218
3283 218
3284 11
3285 233
3286 245
3287 22
3288 38
3289 37
3290 0
3291 0
3292 218
3293 218
3294 11
3295 233
3296 245
3297 22
3298 38
3299 37
3300 0
3301 0
3302 218
3303 218
3304 11
3305 233
3306 245
3307 22
3308 38
3309 37
3310 0
3311 0
3312 218
3313 218
3314 11
3315 233
3316 245
3317 22
3318 38
3319 37
3320 0
3321 0
3322 218
3323 218
3324 11
3325 233
3326 245
3327 22
3328 38
3329 37
3330 0
3331 0
3332 218
3333 218
3334 11
3335 233
3336 245
3337 22
3338 38
3339 37
3340 0
3341 0
3342 218
3343 218
3344 11
3345 233
3346 245
3347 22
3348 38
3349 37
3350 0
3351 0
3352 218
3353 218
3354 11
3355 233
3356 245
3357 22
3358 38
3359 37
3360 0
3361 0
3362 218
3363 218
3364 11
3365 233
3366 245
3367 22
3368 38
3369 37
3370 0
3371 0
3372 218
3373 218
3374 11
3375 233
3376 245
3377 22
3378 38
3379 37
3380 0
3381 0
3382 218
3383 218
3384 11
3385 233
3386 245
3387 22
3388 38
3389 37
3390 0
3391 0
3392 218
3393 218
3394 11
3395 233
3396 245
3397 22
3398 38
3399 37
3400 0
3401 0
3402 218
3403 218
3404 11
3405 233
3406 245
3407 22
3408 38
3409 37
3410 0
3411 0
3412 218
3413 218
3414 11
3415 233
3416 245
3417 22
3418 38
3419 37
3420 0
3421 0
3422 218
3423 218
3424 11
3425 233
3426 245
3427 22
3428 38
3429 37
3430 0
3431 0
3432 218
3433 218
3434 11
3435 233
3436 245
3437 22
3438 38
3439 37
3440 0
3441 0
3442 218
3443 218
3444 11
3445 233
3446 245
3447 22
3448 38
3449 37
3450 0
3451 0
3452 218
3453 218
3454 11
3455 233
3456 245
3457 22
3458 38
3459 37
3460 0
3461 0
3462 218
3463 218
3464 11
3465 233
3466 245
3467 22
3468 38
3469 37
3470 0
3471 0
3472 218
3473 218
3474 11
3475 233
3476 245
3477 22
3478 38
3479 37
3480 0
3481 0
3482 218
3483 218
3484 11
3485 233
3486 245
3487 22
3488 38
3489 37
3490 0
3491 0
3492 218
3493 218
3494 11
3495 233
3496 245
3497 22
3498 38
3499 37
3500 0
3501 0
3502 218
3503 218
3504 11
3505 233
3506 245
3507 22
3508 38
3509 37
3510 0
3511 0
3512 218
3513 218
3514 11
3515 233
3516 245
3517 22
3518 38
3519 37
3520 0
3521 0
3522 218
3523 218
3524 11
3525 233
3526 245
3527 22
3528 38
3529 37
3530 0
3531 0
3532 218
3533 218
3534 11
3535 233
3536 245
3537 22
3538 38
3539 37
3540 0
3541 0
3542 218
3543 218
3544 11
3545 233
3546 245
3547 22
3548 38
3549 37
3550 0
3551 0
3552 218
3553 218
3554 11
3555 233
3556 245
3557 22
3558 38
3559 37
3560 0
3561 0
3562 218
3563 218
3564 11
3565 233
3566 245
3567 22
3568 38
3569 37
3570 0
3571 0
3572 218
3573 218
3574 11
3575 233
3576 245
3577 22
3578 38
3579 37
3580 0
3581 0
3582 218
3583 218
3584 11
3585 233
3586 245
3587 22
3588 38
3589 37
3590 0
3591 0
3592 218
3593 218
3594 11
3595 233
3596 245
3597 22
3598 38
3599 37
3600 0
3601 0
3602 218
3603 218
3604 11
3605 233
3606 245
3607 22
3608 38
3609 37
3610 0
3611 0
3612 218
3613 218
3614 11
3615 233
3616 245
3617 22
3618 38
3619 37
3620 0
3621 0
3622 218
3623 218
3624 11
3625 233
3626 245
3627 22
3628 38
3629 37
3630 0
3631 0
3632 218
3633 218
3634 11
3635 233
3636 245
3637 22
3638 38
3639 37
3640 0
3641 0
3642 218
3643 218
3644 11
3645 233
3646 245
3647 22
3648 38
3649 37
3650 0
3651 0
3652 218
3653 218
3654 11
3655 233
3656 245
3657 22
3658 38
3659 37
3660 0
3661 0
3662 218
3663 218
3664 11
3665 233
3666 245
3667 22
3668 38
3669 37
3670 0
3671 0
3672 218
3673 218
3674 11
3675 233
3676 245
3677 22
3678 38
3679 37
3680 0
3681 0
3682 218
3683 218
3684 11
3685 233
3686 245
3687 22
3688 38
3689 37
3690 0
3691 0
3692 218
3693 218
3694 11
3695 233
3696 245
3697 22
3698 38
3699 37
3700 0
3701 0
3702 218
3703 218
3704 11
3705 233
3706 245
3707 22
3708 38
3709 37
3710 0
3711 0
3712 218
3713 218
3714 11
3715 233
3716 245
3717 22
3718 38
3719 37
3720 0
3721 0
3722 218
3723 218
3724 11
3725 233
3726 245
3727 22
3728 38
3729 37
3730 0
3731 0
3732 218
3733 218
3734 11
3735 233
3736 245
3737 22
3738 38
3739 37
3740 0
3741 0
3742 218
3743 218
3744 11
3745 233
3746 245
3747 22
3748 38
3749 37
3750 0
3751 0
3752 218
3753 218
3754 11
3755 233
3756 245
3757 22
3758 38
3759 37
3760 0
3761 0
3762 218
3763 218
3764 11
3765 233
3766 245
3767 22
3768 38
3769 37
3770 0
3771 0
3772 218
3773 218
3774 11
3775 233
3776 245
3777 22
3778 38
3779 37
3780 0
3781 0
3782 218
3783 218
3784 11
3785 233
3786 245
3787 22
3788 38
3789 37
3790 0
3791 0
3792 218
3793 218
3794 11
3795 233
3796 245
3797 22
3798 38
3799 37
3800 0
3801 0
3802 218
3803 218
3804 11
3805 233
3806 245
3807 22
3808 38
3809 37
3810 0
3811 0
3812 218
3813 218
3814 11
3815 233
3816 245
3817 22
3818 38
3819 37
3820 0
3821 0
3822 218
3823 218
3824 11
3825 233
3826 245
3827 22
3828 38
3829 37
3830 0
3831 0
3832 218
3833 218
3834 11
3835 233
3836 245
3837 22
3838 38
3839 37
3840 0
3841 0
3842 218
3843 218
3844 11
3845 233
3846 245
3847 22
3848 38
3849 37
3850 0
3851 0
3852 218
3853 218
3854 11
3855 233
3856 245
3857 22
3858 38
3859 37
3860 0
3861 0
3862 218
3863 218
3864 11
3865 233
3866 245
3867 22
3868 38
3869 37
3870 0
3871 0
3872 218
3873 218
3874 11
3875 233
3876 245
3877 22
3878 38
3879 37
3880 0
3881 0
3882 218
3883 218
3884 11
3885 233
3886 245
3887 22
3888 38
3889 37
3890 0
3891 0
3892 218
3893 218
3894 11
3895 233
3896 245
3897 22
3898 38
3899 37
3900 0
3901 0
3902 218
3903 218
3904 11
3905 233
3906 245
3907 22
3908 38
3909 37
3910 0
3911 0
3912 218
3913 218
3914 11
3915 233
3916 245
3917 22
3918 38
3919 37
3920 0
3921 0
3922 218
3923 218
3924 11
3925 233
3926 245
3927 22
3928 38
3929 37
3930 0
3931 0
3932 218
3933 218
3934 11
3935 233
3936 245
3937 22
3938 38
3939 37
3940 0
3941 0
3942 218
3943 218
3944 11
3945 233
3946 245
3947 22
3948 38
3949 37
3950 0
3951 0
3952 218
3953 218
3954 11
3955 233
3956 245
3957 22
3958 38
3959 37
3960 0
3961 0
3962 218
3963 218
3964 11
3965 233
3966 245
3967 22
3968 38
3969 37
3970 0
3971 0
3972 218
3973 218
3974 11
3975 233
3976 245
3977 22
3978 38
3979 37
3980 0
3981 0
3982 218
3983 218
3984 11
3985 233
3986 245
3987 22
3988 38
3989 37
3990 0
3991 0
3992 218
3993 218
3994 11
3995 233
3996 245
3997 22
3998 38
3999 37
4000 0
4001 0
4002 218
4003 218
4004 11
4005 233
4006 245
4007 22
4008 38
4009 37
4010 0
4011 0
4012 218
4013 218
4014 11
4015 233
4016 245
4017 22
4018 38
4019 37
4020 0
4021 0
4022 218
4023 218
4024 11
4025 233
4026 245
4027 22
4028 38
4029 37
4030 0
4031 0
4032 218
4033 218
4034 11
4035 233
4036 245
4037 22
4038 38
4039 37
4040 0
4041 0
4042 218
4043 218
4044 11
4045 233
4046 245
4047 22
4048 38
4049 37
4050 0
4051 0
4052 218
4053 218
4054 11
4055 233
4056 245
4057 22
4058 38
4059 37
4060 0
4061 0
4062 218
4063 218
4064 11
4065 233
4066 245
4067 22
4068 38
4069 37
4070 0
4071 0
4072 218
4073 218
4074 11
4075 233
4076 245
4077 22
4078 38
4079 37
4080 0
4081 0
4082 218
4083 218
4084 11
4085 233
4086 245
4087 22
4088 38
4089 37
4090 0
4091 0
4092 218
4093 218
4094 11
4095 233
4096 245
4097 22
4098 38
4099 37
4100 0
4101 0
4102 218
4103 218
4104 11
4105 233
4106 245
4107 22
4108 38
4109 37
4110 0
4111 0
4112 218
4113 218
4114 11
4115 233
4116 245
4117 22
4118 38
4119 37
4120 0
4121 0
4122 218
4123 218
4124 11
4125 233
4126 245
4127 22
4128 38
4129 37
4130 0
4131 0
4132 218
4133 218
4134 11
4135 233
4136 245
4137 22
4138 38
4139 37
4140 0
4141 0
4142 218
4143 218
4144 11
4145 233
4146 245
4147 22
4148 38
4149 37
4150 0
4151 0
4152 218
4153 218
4154 11
4155 233
4156 245
4157 22
4158 38
4159 37
4160 0
4161 0
4162 218
4163 218
4164 11
4165 233
4166 245
4167 22
4168 38
4169 37
4170 0
4171 0
4172 218
4173 218
4174 11
4175 233
4176 245
4177 22
4178 38
4179 37
4180 0
4181 0
4182 218
4183 218
4184 11
4185 233
4186 245
4187 22
4188 38
4189 37
4190 0
4191 0
4192 218
4193 218
4194 11
4195 233
4196 245
4197 22
4198 38
4199 37
4200 0
4201 0
4202 218
4203 218
4204 11
4205 233
4206 245
4207 22
4208 38
4209 37
4210 0
4211 0
4212 218
4213 218
4214 11
4215 233
4216 245
4217 22
4218 38
4219 37
4220 0
4221 0
4222 218
4223 218
4224 11
4225 233
4226 245
4227 22
4228 38
4229 37
4230 0
4231 0
4232 218
4233 218
4234 11
4235 233
4236 245
4237 22
4238 38
4239 37
4240 0
4241 0
4242 218
4243 218
4244 11
4245 233
4246 245
4247 22
4248 38
4249 37
4250 0
4251 0
4252 218
4253 218
4254 11
4255 233
4256 245
4257 22
4258 38
4259 37
4260 0
4261 0
4262 218
4263 218
4264 11
4265 233
4266 245
4267 22
4268 38
4269 37
4270 0
4271 0
4272 218
4273 218
4274 11
4275 233
4276 245
4277 22
4278 38
4279 37
4280 0
4281 0
4282 218
4283 218
4284 11
4285 233
4286 245
4287 22
4288 38
4289 37
4290 0
4291 0
4292 218
4293 218
4294 11
4295 233
4296 245
4297 22
4298 38
4299 37
4300 0
4301 0
4302 218
4303 218
4304 11
4305 233
4306 245
4307 22
4308 38
4309 37
4310 0
4311 0
4312 218
4313 218
4314 11
4315 233
4316 245
4317 22
4318 38
4319 37
4320 0
4321 0
4322 218
4323 218
4324 11
4325 233
4326 245
4327 22
4328 38
4329 37
4330 0
4331 0
4332 218
4333 218
4334 11
4335 233
4336 245
4337 22
4338 38
4339 37
4340 0
4341 0
4342 218
4343 218
4344 11
4345 233
4346 245
4347 22
4348 38
4349 37
4350 0
4351 0
4352 218
4353 218
4354 11
4355 233
4356 245
4357 22
4358 38
4359 37
4360 0
4361 0
4362 218
4363 218
4364 11
4365 233
4366 245
4367 22
4368 38
4369 37
4370 0
4371 0
4372 218
4373 218
4374 11
4375 233
4376 245
4377 22
4378 38
4379 37
4380 0
4381 0
4382 218
4383 218
4384 11
4385 233
4386 245
4387 22
4388 38
4389 37
4390 0
4391 0
4392 218
4393 218
4394 11
4395 233
4396 245
4397 22
4398 38
4399 37
4400 0
4401 0
4402 218
4403 218
4404 11
4405 233
4406 245
4407 22
4408 38
4409 37
4410 0
4411 0
4412 218
4413 218
4414 11
4415 233
4416 245
4417 22
4418 38
4419 37
4420 0
4421 0
4422 218
4423 218
4424 11
4425 233
4426 245
4427 22
4428 38
4429 37
4430 0
4431 0
4432 218
4433 218
4434 11
4435 233
4436 245
4437 22
4438 38
4439 37
4440 0
4441 0
4442 218
4443 218
4444 11
4445 233
4446 245
4447 22
4448 38
4449 37
4450 0
4451 0
4452 218
4453 218
4454 11
4455 233
4456 245
4457 22
4458 38
4459 37
4460 0
4461 0
4462 218
4463 218
4464 11
4465 233
4466 245
4467 22
4468 38
4469 37
4470 0
4471 0
4472 218
4473 218
4474 11
4475 233
4476 245
4477 22
4478 38
4479 37
4480 0
4481 0
4482 218
4483 218
4484 11
4485 233
4486 245
4487 22
4488 38
4489 37
4490 0
4491 0
4492 218
4493 218
4494 11
4495 233
4496 245
4497 22
4498 38
4499 37
4500 0
4501 0
4502 218
4503 218
4504 11
4505 233
4506 245
4507 22
4508 38
4509 37
4510 0
4511 0
4512 218
4513 218
4514 11
4515 233
4516 245
4517 22
4518 38
4519 37
4520 0
4521 0
4522 218
4523 218
4524 11
4525 233
4526 245
4527 22
4528 38
4529 37
4530 0
4531 0
4532 218
4533 218
4534 11
4535 233
4536 245
4537 22
4538 38
4539 37
4540 0
4541 0
4542 218
4543 218
4544 11
4545 233
4546 245
4547 22
4548 38
4549 37
4550 0
4551 0
4552 218
4553 218
4554 11
4555 233
4556 245
4557 22
4558 38
4559 37
4560 0
4561 0
4562 218
4563 218
4564 11
4565 233
4566 245
4567 22
4568 38
4569 37
4570 0
4571 0
4572 218
4573 218
4574 11
4575 233
4576 245
4577 22
4578 38
4579 37
4580 0
4581 0
4582 218
4583 218
4584 11
4585 233
4586 245
4587 22
4588 38
4589 37
4590 0
4591 0
4592 218
4593 218
4594 11
4595 233
4596 245
4597 22
4598 38
4599 37
4600 0
4601 0
4602 218
4603 218
4604 11
4605 233
4606 245
4607 22
4608 38
4609 37
4610 0
4611 0
4612 218
4613 218
4614 11
4615 233
4616 245
4617 22
4618 38
4619 37
4620 0
4621 0
4622 218
4623 218
4624 11
4625 233
4626 245
4627 22
4628 38
4629 37
4630 0
4631 0
4632 218
4633 218
4634 11
4635 233
4636 245
4637 22
4638 38
4639 37
4640 0
4641 0
4642 218
4643 218
4644 11
4645 233
4646 245
4647 22
4648 38
4649 37
4650 0
4651 0
4652 218
4653 218
4654 11
4655 233
4656 245
4657 22
4658 38
4659 37
4660 0
4661 0
4662 218
4663 218
4664 11
4665 233
4666 245
4667 22
4668 38
4669 37
4670 0
4671 0
4672 218
4673 218
4674 11
4675 233
4676 245
4677 22
4678 38
4679 37
4680 0
4681 0
4682 218
4683 218
4684 11
4685 233
4686 245
4687 22
4688 38
4689 37
4690 0
4691 0
4692 218
4693 218
4694 11
4695 233
4696 245
4697 22
4698 38
4699 37
4700 0
4701 0
4702 218
4703 218
4704 11
4705 233
4706 245
4707 22
4708 38
4709 37
4710 0
4711 0
4712 218
4713 218
4714 11
4715 233
4716 245
4717 22
4718 38
4719 37
4720 0
4721 0
4722 218
4723 218
4724 11
4725 233
4726 245
4727 22
4728 38
4729 37
4730 0
4731 0
4732 218
4733 218
4734 11
4735 233
4736 245
4737 22
4738 38
4739 37
4740 0
4741 0
4742 218
4743 218
4744 11
4745 233
4746 245
4747 22
4748 38
4749 37
4750 0
4751 0
4752 218
4753 218
4754 11
4755 233
4756 245
4757 22
4758 38
4759 37
4760 0
4761 0
4762 218
4763 218
4764 11
4765 233
4766 245
4767 22
4768 38
4769 37
4770 0
4771 0
4772 218
4773 218
4774 11
4775 233
4776 245
4777 22
4778 38
4779 37
4780 0
4781 0
4782 218
4783 218
4784 11
4785 233
4786 245
4787 22
4788 38
4789 37
4790 0
4791 0
4792 218
4793 218
4794 11
4795 233
4796 245
4797 22
4798 38
4799 37
4800 0
4801 0
4802 218
4803 218
4804 11
4805 233
4806 245
4807 22
4808 38
4809 37
4810 0
4811 0
4812 218
4813 218
4814 11
4815 233
4816 245
4817 22
4818 38
4819 37
4820 0
4821 0
4822 218
4823 218
4824 11
4825 233
4826 245
4827 22
4828 38
4829 37
4830 0
4831 0
4832 218
4833 218
4834 11
4835 233
4836 245
4837 22
4838 38
4839 37
4840 0
4841 0
4842 218
4843 218
4844 11
4845 233
4846 245
4847 22
4848 38
4849 37
4850 0
4851 0
4852 218
4853 218
4854 11
4855 233
4856 245
4857 22
4858 38
4859 37
4860 0
4861 0
4862 218
4863 218
4864 11
4865 233
4866 245
4867 22
4868 38
4869 37
4870 0
4871 0
4872 218
4873 218
4874 11
4875 233
4876 245
4877 22
4878 38
4879 37
4880 0
4881 0
4882 218
4883 218
4884 11
4885 233
4886 245
4887 22
4888 38
4889 37
4890 0
4891 0
4892 218
4893 218
4894 11
4895 233
4896 245
4897 22
4898 38
4899 37
4900 0
4901 0
4902 218
4903 218
4904 11
4905 233
4906 245
4907 22
4908 38
4909 37
4910 0
4911 0
4912 218
4913 218
4914 11
4915 233
4916 245
4917 22
4918 38
4919 37
4920 0
4921 0
4922 218
4923 218
4924 11
4925 233
4926 245
4927 22
4928 38
4929 37
4930 0
4931 0
4932 218
4933 218
4934 11
4935 233
4936 245
4937 22
4938 38
4939 37
4940 0
4941 0
4942 218
4943 218
4944 11
4945 233
4946 245
4947 22
4948 38
4949 37
4950 0
4951 0
4952 218
4953 218
4954 11
4955 233
4956 245
4957 22
4958 38
4959 37
4960 0
4961 0
4962 218
4963 218
4964 11
4965 233
4966 245
4967 22
4968 38
4969 37
4970 0
4971 0
4972 218
4973 218
4974 11
4975 233
4976 245
4977 22
4978 38
4979 37
4980 0
4981 0
4982 218
4983 218
4984 11
4985 233
4986 245
4987 22
4988 38
4989 37
4990 0
4991 0
4992 218
4993 218
4994 11
4995 233
4996 245
4997 22
4998 38
4999 37
5000 0
5001 0
5002 218
5003 218
5004 11
5005 233
5006 245
5007 22
5008 38
5009 37
5010 0
5011 0
5012 218
5013 218
5014 11
5015 233
5016 245
5017 22
5018 38
5019 37
5020 0
5021 0
5022 218
5023 218
5024 11
5025 233
5026 245
5027 22
5028 38
5029 37
5030 0
5031 0
5032 218
5033 218
5034 11
5035 233
5036 245
5037 22
5038 38
5039 37
5040 0
5041 0
5042 218
5043 218
5044 11
5045 233
5046 245
5047 22
5048 38
5049 37
5050 0
5051 0
5052 218
5053 218
5054 11
5055 233
5056 245
5057 22
5058 38
5059 37
5060 0
5061 0
5062 218
5063 218
5064 11
5065 233
5066 245
5067 22
5068 38
5069 37
5070 0
5071 0
5072 218
5073 218
5074 11
5075 233
5076 245
5077 22
5078 38
5079 37
5080 0
5081 0
5082 218
5083 218
5084 11
5085 233
5086 245
5087 22
5088 38
5089 37
5090 0
5091 0
5092 218
5093 218
5094 11
5095 233
5096 245
5097 22
5098 38
5099 37
5100 0
5101 0
5102 218
5103 218
5104 11
5105 233
5106 245
5107 22
5108 38
5109 37
5110 0
5111 0
5112 218
5113 218
5114 11
5115 233
5116 245
5117 22
5118 38
5119 37
5120 0
5121 0
5122 218
5123 218
5124 11
5125 233
5126 245
5127 22
5128 38
5129 37
5130 0
5131 0
5132 218
5133 218
5134 11
5135 233
5136 245
5137 22
5138 38
5139 37
5140 0
5141 0
5142 218
5143 218
5144 11
5145 233
5146 245
5147 22
5148 38
5149 37
5150 0
5151 0
5152 218
5153 218
5154 11
5155 233
5156 245
5157 22
5158 38
5159 37
5160 0
5161 0
5162 218
5163 218
5164 11
5165 233
5166 245
5167 22
5168 38
5169 37
5170 0
5171 0
5172 218
5173 218
5174 11
5175 233
5176 245
5177 22
5178 38
5179 37
5180 0
5181 0
5182 218
5183 218
5184 11
5185 233
5186 245
5187 22
5188 38
5189 37
5190 0
5191 0
5192 218
5193 218
5194 11
5195 233
5196 245
5197 22
5198 38
5199 37
5200 0
5201 0
5202 218
5203 218
5204 11
5205 233
5206 245
5207 22
5208 38
5209 37
5210 0
5211 0
5212 218
5213 218
5214 11
5215 233
5216 245
5217 22
5218 38
5219 37
5220 0
5221 0
5222 218
5223 218
5224 11
5225 233
5226 245
5227 22
5228 38
5229 37
5230 0
5231 0
5232 218
5233 218
5234 11
5235 233
5236 245
5237 22
5238 38
5239 37
5240 0
5241 0
5242 218
5243 218
5244 11
5245 233
5246 245
5247 22
5248 38
5249 37
5250 0
5251 0
5252 218
5253 218
5254 11
5255 233
5256 245
5257 22
5258 38
5259 37
5260 0
5261 0
5262 218
5263 218
5264 11
5265 233
5266 245
5267 22
5268 38
5269 37
5270 0
5271 0
5272 218
5273 218
5274 11
5275 233
5276 245
5277 22
5278 38
5279 37
5280 0
5281 0
5282 218
5283 218
5284 11
5285 233
5286 245
5287 22
5288 38
5289 37
5290 0
5291 0
5292 218
5293 218
5294 11
5295 233
5296 245
5297 22
5298 38
5299 37
5300 0
5301 0
5302 218
5303 218
5304 11
5305 233
5306 245
5307 22
5308 38
5309 37
5310 0
5311 0
5312 218
5313 218
5314 11
5315 233
5316 245
5317 22
5318 38
5319 37
5320 0
5321 0
5322 218
5323 218
5324 11
5325 233
5326 245
5327 22
5328 38
5329 37
5330 0
5331 0
5332 218
5333 218
5334 11
5335 233
5336 245
5337 22
5338 38
5339 37
5340 0
5341 0
5342 218
5343 218
5344 11
5345 233
5346 245
5347 22
5348 38
5349 37
5350 0
5351 0
5352 218
5353 218
5354 11
5355 233
5356 245
5357 22
5358 38
5359 37
5360 0
5361 0
5362 218
5363 218
5364 11
5365 233
5366 245
5367 22
5368 38
5369 37
5370 0
5371 0
5372 218
5373 218
5374 11
5375 233
5376 245
5377 22
5378 38
5379 37
5380 0
5381 0
5382 218
5383 218
5384 11
5385 233
5386 245
5387 22
5388 38
5389 37
5390 0
5391 0
5392 218
5393 218
5394 11
5395 233
5396 245
5397 22
5398 38
5399 37
5400 0
5401 0
5402 218
5403 218
5404 11
5405 233
5406 245
5407 22
5408 38
5409 37
5410 0
5411 0
5412 218
5413 218
5414 11
5415 233
5416 245
5417 22
5418 38
5419 37
5420 0
5421 0
5422 218
5423 218
5424 11
5425 233
5426 245
5427 22
5428 38
5429 37
5430 0
5431 0
5432 218
5433 218
5434 11
5435 233
5436 245
5437 22
5438 38
5439 37
5440 0
5441 0
5442 218
5443 218
5444 11
5445 233
5446 245
5447 22
5448 38
5449 37
5450 0
5451 0
5452 218
5453 218
5454 11
5455 233
5456 245
5457 22
5458 38
5459 37
5460 0
5461 0
5462 218
5463 218
5464 11
5465 233
5466 245
5467 22
5468 38
5469 37
5470 0
5471 0
5472 218
5473 218
5474 11
5475 233
5476 245
5477 22
5478 38
5479 37
5480 0
5481 0
5482 218
5483 218
5484 11
5485 233
5486 245
5487 22
5488 38
5489 37
5490 0
5491 0
5492 218
5493 218
5494 11
5495 233
5496 245
5497 22
5498 38
5499 37
5500 0
5501 0
5502 218
5503 218
5504 11
5505 233
5506 245
5507 22
5508 38
5509 37
5510 0
5511 0
5512 218
5513 218
5514 11
5515 233
5516 245
5517 22
5518 38
5519 37
5520 0
5521 0
5522 218
5523 218
5524 11
5525 233
5526 245
5527 22
5528 38
5529 37
5530 0
5531 0
5532 218
5533 218
5534 11
5535 233
5536 245
5537 22
5538 38
5539 37
5540 0
5541 0
5542 218
5543 218
5544 11
5545 233
5546 245
5547 22
5548 38
5549 37
5550 0
5551 0
5552 218
5553 218
5554 11
5555 233
5556 245
5557 22
5558 38
5559 37
5560 0
5561 0
5562 218
5563 218
5564 11
5565 233
5566 245
5567 22
5568 38
5569 37
5570 0
5571 0
5572 218
5573 218
5574 11
5575 233
5576 245
5577 22
5578 38
5579 37
5580 0
5581 0
5582 218
5583 218
5584 11
5585 233
5586 245
5587 22
5588 38
5589 37
5590 0
5591 0
5592 218
5593 218
5594 11
5595 233
5596 245
5597 22
5598 38
5599 37
5600 0
5601 0
5602 218
5603 218
5604 11
5605 233
5606 245
5607 22
5608 38
5609 37
5610 0
5611 0
5612 218
5613 218
5614 11
5615 233
5616 245
5617 22
5618 38
5619 37
5620 0
5621 0
5622 218
5623 218
5624 11
5625 233
5626 245
5627 22
5628 38
5629 37
5630 0
5631 0
5632 218
5633 218
5634 11
5635 233
5636 245
5637 22
5638 38
5639 37
5640 0
5641 0
5642 218
5643 218
5644 11
5645 233
5646 245
5647 22
5648 38
5649 37
5650 0
5651 0
5652 218
5653 218
5654 11
5655 233
5656 245
5657 22
5658 38
5659 37
5660 0
5661 0
5662 218
5663 218
5664 11
5665 233
5666 245
5667 22
5668 38
5669 37
5670 0
5671 0
5672 218
5673 218
5674 11
5675 233
5676 245
5677 22
5678 38
5679 37
5680 0
5681 0
5682 218
5683 218
5684 11
5685 233
5686 245
5687 22
5688 38
5689 37
5690 0
5691 0
5692 218
5693 218
5694 11
5695 233
5696 245
5697 22
5698 38
5699 37
5700 0
5701 0
5702 218
5703 218
5704 11
5705 233
5706 245
5707 22
5708 38
5709 37
5710 0
5711 0
5712 218
5713 218
5714 11
5715 233
5716 245
5717 22
5718 38
5719 37
5720 0
5721 0
5722 218
5723 218
5724 11
5725 233
5726 245
5727 22
5728 38
5729 37
5730 0
5731 0
5732 218
5733 218
5734 11
5735 233
5736 245
5737 22
5738 38
5739 37
5740 0
5741 0
5742 218
5743 218
5744 11
5745 233
5746 245
5747 22
5748 38
5749 37
5750 0
5751 0
5752 218
5753 218
5754 11
5755 233
5756 245
5757 22
5758 38
5759 37
5760 0
5761 0
5762 218
5763 218
5764 11
5765 233
5766 245
5767 22
5768 38
5769 37
5770 0
5771 0
5772 218
5773 218
5774 11
5775 233
5776 245
5777 22
5778 38
5779 37
5780 0
5781 0
5782 218
5783 218
5784 11
5785 233
5786 245
5787 22
5788 38
5789 37
5790 0
5791 0
5792 218
5793 218
5794 11
5795 233
5796 245
5797 22
5798 38
5799 37
5800 0
5801 0
5802 218
5803 218
5804 11
5805 233
5806 245
5807 22
5808 38
5809 37
5810 0
5811 0
5812 218
5813 218
5814 11
5815 233
5816 245
5817 22
5818 38
5819 37
5820 0
5821 0
5822 218
5823 218
5824 11
5825 233
5826 245
5827 22
5828 38
5829 37
5830 0
5831 0
5832 218
5833 218
5834 11
5835 233
5836 245
5837 22
5838 38
5839 37
5840 0
5841 0
5842 218
5843 218
5844 11
5845 233
5846 245
5847 22
5848 38
5849 37
5850 0
5851 0
5852 218
5853 218
5854 11
5855 233
5856 245
5857 22
5858 38
5859 37
5860 0
5861 0
5862 218
5863 218
5864 11
5865 233
5866 245
5867 22
5868 38
5869 37
5870 0
5871 0
5872 218
5873 218
5874 11
5875 233
5876 245
5877 22
5878 38
5879 37
5880 0
5881 0
5882 218
5883 218
5884 11
5885 233
5886 245
5887 22
5888 38
5889 37
5890 0
5891 0
5892 218
5893 218
5894 11
5895 233
5896 245
5897 22
5898 38
5899 37
5900 0
5901 0
5902 218
5903 218
5904 11
5905 233
5906 245
5907 22
5908 38
5909 37
5910 0
5911 0
5912 218
5913 218
5914 11
5915 233
5916 245
5917 22
5918 38
5919 37
5920 0
5921 0
5922 218
5923 218
5924 11
5925 233
5926 245
5927 22
5928 38
5929 37
5930 0
5931 0
5932 218
5933 218
5934 11
5935 233
5936 245
5937 22
5938 38
5939 37
5940 0
5941 0
5942 218
5943 218
5944 11
5945 233
5946 245
5947 22
5948 38
5949 37
5950 0
5951 0
5952 218
5953 218
5954 11
5955 233
5956 245
5957 22
5958 38
5959 37
5960 0
5961 0
5962 218
5963 218
5964 11
5965 233
5966 245
5967 22
5968 38
5969 37
5970 0
5971 0
5972 218
5973 218
5974 11
5975 233
5976 245
5977 22
5978 38
5979 37
5980 0
5981 0
5982 218
5983 218
5984 11
5985 233
5986 245
5987 22
5988 38
5989 37
5990 0
5991 0
5992 218
5993 218
5994 11
5995 233
5996 245
5997 22
5998 38
5999 37
6000 0
6001 0
6002 218
6003 218
6004 11
6005 233
6006 245
6007 22
6008 38
6009 37
6010 0
6011 0
6012 218
6013 218
6014 11
6015 233
6016 245
6017 22
6018 38
6019 37
6020 0
6021 0
6022 218
6023 218
6024 11
6025 233
6026 245
6027 22
6028 38
6029 37
6030 0
6031 0
6032 218
6033 218
6034 11
6035 233
6036 245
6037 22
6038 38
6039 37
6040 0
6041 0
6042 218
6043 218
6044 11
6045 233
6046 245
6047 22
6048 38
6049 37
6050 0
6051 0
6052 218
6053 218
6054 11
6055 233
6056 245
6057 22
6058 38
6059 37
6060 0
6061 0
6062 218
6063 218
6064 11
6065 233
6066 245
6067 22
6068 38
6069 37
6070 0
6071 0
6072 218
6073 218
6074 11
6075 233
6076 245
6077 22
6078 38
6079 37
6080 0
6081 0
6082 218
6083 218
6084 11
6085 233
6086 245
6087 22
6088 38
6089 37
6090 0
6091 0
6092 218
6093 218
6094 11
6095 233
6096 245
6097 22
6098 38
6099 37
6100 0
6101 0
6102 218
6103 218
6104 11
6105 233
6106 245
6107 22
6108 38
6109 37
6110 0
6111 0
6112 218
6113 218
6114 11
6115 233
6116 245
6117 22
6118 38
6119 37
6120 0
6121 0
6122 218
6123 218
6124 11
6125 233
6126 245
6127 22
6128 38
6129 37
6130 0
6131 0
6132 218
6133 218
6134 11
6135 233
6136 245
6137 22
6138 38
6139 37
6140 0
6141 0
6142 218
6143 218
6144 11
6145 233
6146 245
6147 22
6148 38
6149 37
6150 0
6151 0
6152 218
6153 218
6154 11
6155 233
6156 245
6157 22
6158 38
6159 37
6160 0
6161 0
6162 218
6163 218
6164 11
6165 233
6166 245
6167 22
6168 38
6169 37
6170 0
6171 0
6172 218
6173 218
6174 11
6175 233
6176 245
6177 22
6178 38
6179 37
6180 0
6181 0
6182 218
6183 218
6184 11
6185 233
6186 245
6187 22
6188 38
6189 37
6190 0
6191 0
6192 218
6193 218
6194 11
6195 233
6196 245
6197 22
6198 38
6199 37
6200 0
6201 0
6202 218
6203 218
6204 11
6205 233
6206 245
6207 22
6208 38
6209 37
6210 0
6211 0
6212 218
6213 218
6214 11
6215 233
6216 245
6217 22
6218 38
6219 37
6220 0
6221 0
6222 218
6223 218
6224 11
6225 233
6226 245
6227 22
6228 38
6229 37
6230 0
6231 0
6232 218
6233 218
6234 11
6235 233
6236 245
6237 22
6238 38
6239 37
6240 0
6241 0
6242 218
6243 218
6244 11
6245 233
6246 245
6247 22
6248 38
6249 37
6250 0
6251 0
6252 218
6253 218
6254 11
6255 233
6256 245
6257 22
6258 38
6259 37
6260 0
6261 0
6262 218
6263 218
6264 11
6265 233
6266 245
6267 22
6268 38
6269 37
6270 0
6271 0
6272 218
6273 218
6274 11
6275 233
6276 245
6277 22
6278 38
6279 37
6280 0
6281 0
6282 218
6283 218
6284 11
6285 233
6286 245
6287 22
6288 38
6289 37
6290 0
6291 0
6292 218
6293 218
6294 11
6295 233
6296 245
6297 22
6298 38
6299 37
6300 0
6301 0
6302 218
6303 218
6304 11
6305 233
6306 245
6307 22
6308 38
6309 37
6310 0
6311 0
6312 218
6313 218
6314 11
6315 233
6316 245
6317 22
6318 38
6319 37
6320 0
6321 0
6322 218
6323 218
6324 11
6325 233
6326 245
6327 22
6328 38
6329 37
6330 0
6331 0
6332 218
6333 218
6334 11
6335 233
6336 245
6337 22
6338 38
6339 37
6340 0
6341 0
6342 218
6343 218
6344 11
6345 233
6346 245
6347 22
6348 38
6349 37
6350 0
6351 0
6352 218
6353 218
6354 11
6355 233
6356 245
6357 22
6358 38
6359 37
6360 0
6361 0
6362 218
6363 218
6364 11
6365 233
6366 245
6367 22
6368 38
6369 37
6370 0
6371 0
6372 218
6373 218
6374 11
6375 233
6376 245
6377 22
6378 38
6379 37
6380 0
6381 0
6382 218
6383 218
6384 11
6385 233
6386 245
6387 22
6388 38
6389 37
6390 0
6391 0
6392 218
6393 218
6394 11
6395 233
6396 245
6397 22
6398 38
6399 37
6400 0
6401 0
6402 218
6403 218
6404 11
6405 233
6406 245
6407 22
6408 38
6409 37
6410 0
6411 0
6412 218
6413 218
6414 11
6415 233
6416 245
6417 22
6418 38
6419 37
6420 0
6421 0
6422 218
6423 218
6424 11
6425 233
6426 245
6427 22
6428 38
6429 37
6430 0
6431 0
6432 218
6433 218
6434 11
6435 233
6436 245
6437 22
6438 38
6439 37
6440 0
6441 0
6442 218
6443 218
6444 11
6445 233
6446 245
6447 22
6448 38
6449 37
6450 0
6451 0
6452 218
6453 218
6454 11
6455 233
6456 245
6457 22
6458 38
6459 37
6460 0
6461 0
6462 218
6463 218
6464 11
6465 233
6466 245
6467 22
6468 38
6469 37
6470 0
6471 0
6472 218
6473 218
6474 11
6475 233
6476 245
6477 22
6478 38
6479 37
6480 0
6481 0
6482 218
6483 218
6484 11
6485 233
6486 245
6487 22
6488 38
6489 37
6490 0
6491 0
6492 218
6493 218
6494 11
6495 233
6496 245
6497 22
6498 38
6499 37
6500 0
6501 0
6502 218
6503 218
6504 11
6505 233
6506 245
6507 22
6508 38
6509 37
6510 0
6511 0
6512 218
6513 218
6514 11
6515 233
6516 245
6517 22
6518 38
6519 37
6520 0
6521 0
6522 218
6523 218
6524 11
6525 233
6526 245
6527 22
6528 38
6529 37
6530 0
6531 0
6532 218
6533 218
6534 11
6535 233
6536 245
6537 22
6538 38
6539 37
6540 0
6541 0
6542 218
6543 218
6544 11
6545 233
6546 245
6547 22
6548 38
6549 37
6550 0
6551 0
6552 218
6553 218
6554 11
6555 233
6556 245
6557 22
6558 38
6559 37
6560 0
6561 0
6562 218
6563 218
6564 11
6565 233
6566 245
6567 22
6568 38
6569 37
6570 0
6571 0
6572 218
6573 218
6574 11
6575 233
6576 245
6577 22
6578 38
6579 37
6580 0
6581 0
6582 218
6583 218
6584 11
6585 233
6586 245
6587 22
6588 38
6589 37
6590 0
6591 0
6592 218
6593 218
6594 11
6595 233
6596 245
6597 22
6598 38
6599 37
6600 0
6601 0
6602 218
6603 218
6604 11
6605 233
6606 245
6607 22
6608 38
6609 37
6610 0
6611 0
6612 218
6613 218
6614 11
6615 233
6616 245
6617 22
6618 38
6619 37
6620 0
6621 0
6622 218
6623 218
6624 11
6625 233
6626 245
6627 22
6628 38
6629 37
6630 0
6631 0
6632 218
6633 218
6634 11
6635 233
6636 245
6637 22
6638 38
6639 37
6640 0
6641 0
6642 218
6643 218
6644 11
6645 233
6646 245
6647 22
6648 38
6649 37
6650 0
6651 0
6652 218
6653 218
6654 11
6655 233
6656 245
6657 22
6658 38
6659 37
6660 0
6661 0
6662 218
6663 218
6664 11
6665 233
6666 245
6667 22
6668 38
6669 37
6670 0
6671 0
6672 218
6673 218
6674 11
6675 233
6676 245
6677 22
6678 38
6679 37
6680 0
6681 0
6682 218
6683 218
6684 11
6685 233
6686 245
6687 22
6688 38
6689 37
6690 0
6691 0
6692 218
6693 218
6694 11
6695 233
6696 245
6697 22
6698 38
6699 37
6700 0
6701 0
6702 218
6703 218
6704 11
6705 233
6706 245
6707 22
6708 38
6709 37
6710 0
6711 0
6712 218
6713 218
6714 11
6715 233
6716 245
6717 22
6718 38
6719 37
6720 0
6721 0
6722 218
6723 218
6724 11
6725 233
6726 245
6727 22
6728 38
6729 37
6730 0
6731 0
6732 218
6733 218
6734 11
6735 233
6736 245
6737 22
6738 38
6739 37
6740 0
6741 0
6742 218
6743 218
6744 11
6745 233
6746 245
6747 22
6748 38
6749 37
6750 0
6751 0
6752 218
6753 218
6754 11
6755 233
6756 245
6757 22
6758 38
6759 37
6760 0
6761 0
6762 218
6763 218
6764 11
6765 233
6766 245
6767 22
6768 38
6769 37
6770 0
6771 0
6772 218
6773 218
6774 11
6775 233
6776 245
6777 22
6778 38
6779 37
6780 0
6781 0
6782 218
6783 218
6784 11
6785 233
6786 245
6787 22
6788 38
6789 37
6790 0
6791 0
6792 218
6793 218
6794 11
6795 233
6796 245
6797 22
6798 38
6799 37
6800 0
6801 0
6802 218
6803 218
6804 11
6805 233
6806 245
6807 22
6808 38
6809 37
6810 0
6811 0
6812 218
6813 218
6814 11
6815 233
6816 245
6817 22
6818 38
6819 37
6820 0
6821 0
6822 218
6823 218
6824 11
6825 233
6826 245
6827 22
6828 38
6829 37
6830 0
6831 0
6832 218
6833 218
6834 11
6835 233
6836 245
6837 22
6838 38
6839 37
6840 0
6841 0
6842 218
6843 218
6844 11
6845 233
6846 245
6847 22
6848 38
6849 37
6850 0
6851 0
6852 218
6853 218
6854 11
6855 233
6856 245
6857 22
6858 38
6859 37
6860 0
6861 0
6862 218
6863 218
6864 11
6865 233
6866 245
6867 22
6868 38
6869 37
6870 0
6871 0
6872 218
6873 218
6874 11
6875 233
6876 245
6877 22
6878 38
6879 37
6880 0
6881 0
6882 218
6883 218
6884 11
6885 233
6886 245
6887 22
6888 38
6889 37
6890 0
6891 0
6892 218
6893 218
6894 11
6895 233
6896 245
6897 22
6898 38
6899 37
6900 0
6901 0
6902 218
6903 218
6904 11
6905 233
6906 245
6907 22
6908 38
6909 37
6910 0
6911 0
6912 218
6913 218
6914 11
6915 233
6916 245
6917 22
6918 38
6919 37
6920 0
6921 0
6922 218
6923 218
6924 11
6925 233
6926 245
6927 22
6928 38
6929 37
6930 0
6931 0
6932 218
6933 218
6934 11
6935 233
6936 245
6937 22
6938 38
6939 37
6940 0
6941 0
6942 218
6943 218
6944 11
6945 233
6946 245
6947 22
6948 38
6949 37
6950 0
6951 0
6952 218
6953 218
6954 11
6955 233
6956 245
6957 22
6958 38
6959 37
6960 0
6961 0
6962 218
6963 218
6964 11
6965 233
6966 245
6967 22
6968 38
6969 37
6970 0
6971 0
6972 218
6973 218
6974 11
6975 233
6976 245
6977 22
6978 38
6979 37
6980 0
6981 0
6982 218
6983 218
6984 11
6985 233
6986 245
6987 22
6988 38
6989 37
6990 0
6991 0
6992 218
6993 218
6994 11
6995 233
6996 245
6997 22
6998 38
6999 37
7000 0
7001 0
7002 218
7003 218
7004 11
7005 233
7006 245
7007 22
7008 38
7009 37
7010 0
7011 0
7012 218
7013 218
7014 11
7015 233
7016 245
7017 22
7018 38
7019 37
7020 0
7021 0
7022 218
7023 218
7024 11
7025 233
7026 245
7027 22
7028 38
7029 37
7030 0
7031 0
7032 218
7033 218
7034 11
7035 233
7036 245
7037 22
7038 38
7039 37
7040 0
7041 0
7042 218
7043 218
7044 11
7045 233
7046 245
7047 22
7048 38
7049 37
7050 0
7051 0
7052 218
7053 218
7054 11
7055 233
7056 245
7057 22
7058 38
7059 37
7060 0
7061 0
7062 218
7063 218
7064 11
7065 233
7066 245
7067 22
7068 38
7069 37
7070 0
7071 0
7072 218
7073 218
7074 11
7075 233
7076 245
7077 22
7078 38
7079 37
7080 0
7081 0
7082 218
7083 218
7084 11
7085 233
7086 245
7087 22
7088 38
7089 37
7090 0
7091 0
7092 218
7093 218
7094 11
7095 233
7096 245
7097 22
7098 38
7099 37
7100 0
7101 0
7102 218
7103 218
7104 11
7105 233
7106 245
7107 22
7108 38
7109 37
7110 0
7111 0
7112 218
7113 218
7114 11
7115 233
7116 245
7117 22
7118 38
7119 37
7120 0
7121 0
7122 218
7123 218
7124 11
7125 233
7126 245
7127 22
7128 38
7129 37
7130 0
7131 0
7132 218
7133 218
7134 11
7135 233
7136 245
7137 22
7138 38
7139 37
7140 0
7141 0
7142 218
7143 218
7144 11
7145 233
7146 245
7147 22
7148 38
7149 37
7150 0
7151 0
7152 218
7153 218
7154 11
7155 233
7156 245
7157 22
7158 38
7159 37
7160 0
7161 0
7162 218
7163 218
7164 11
7165 233
7166 245
7167 22
7168 38
7169 37
7170 0
7171 0
7172 218
7173 218
7174 11
7175 233
7176 245
7177 22
7178 38
7179 37
7180 0
7181 0
7182 218
7183 218
7184 11
7185 233
7186 245
7187 22
7188 38
7189 37
7190 0
7191 0
7192 218
7193 218
7194 11
7195 233
7196 245
7197 22
7198 38
7199 37
7200 0
7201 0
7202 218
7203 218
7204 11
7205 233
7206 245
7207 22
7208 38
7209 37
7210 0
7211 0
7212 218
7213 218
7214 11
7215 233
7216 245
7217 22
7218 38
7219 37
7220 0
7221 0
7222 218
7223 218
7224 11
7225 233
7226 245
7227 22
7228 38
7229 37
7230 0
7231 0
7232 218
7233 218
7234 11
7235 233
7236 245
7237 22
7238 38
7239 37
7240 0
7241 0
7242 218
7243 218
7244 11
7245 233
7246 245
7247 22
7248 38
7249 37
7250 0
7251 0
7252 218
7253 218
7254 11
7255 233
7256 245
7257 22
7258 38
7259 37
7260 0
7261 0
7262 218
7263 218
7264 11
7265 233
7266 245
7267 22
7268 38
7269 37
7270 0
7271 0
7272 218
7273 218
7274 11
7275 233
7276 245
7277 22
7278 38
7279 37
7280 0
7281 0
7282 218
7283 218
7284 11
7285 233
7286 245
7287 22
7288 38
7289 37
7290 0
7291 0
7292 218
7293 218
7294 11
7295 233
7296 245
7297 22
7298 38
7299 37
7300 0
7301 0
7302 218
7303 218
7304 11
7305 233
7306 245
7307 22
7308 38
7309 37
7310 0
7311 0
7312 218
7313 218
7314 11
7315 233
7316 245
7317 22
7318 38
7319 37
7320 0
7321 0
7322 218
7323 218
7324 11
7325 233
7326 245
7327 22
7328 38
7329 37
7330 0
7331 0
7332 218
7333 218
7334 11
7335 233
7336 245
7337 22
7338 38
7339 37
7340 0
7341 0
7342 218
7343 218
7344 11
7345 233
7346 245
7347 22
7348 38
7349 37
7350 0
7351 0
7352 218
7353 218
7354 11
7355 233
7356 245
7357 22
7358 38
7359 37
7360 0
7361 0
7362 218
7363 218
7364 11
7365 233
7366 245
7367 22
7368 38
7369 37
7370 0
7371 0
7372 218
7373 218
7374 11
7375 233
7376 245
7377 22
7378 38
7379 37
7380 0
7381 0
7382 218
7383 218
7384 11
7385 233
7386 245
7387 22
7388 38
7389 37
7390 0
7391 0
7392 218
7393 218
7394 11
7395 233
7396 245
7397 22
7398 38
7399 37
7400 0
7401 0
7402 218
7403 218
7404 11
7405 233
7406 245
7407 22
7408 38
7409 37
7410 0
7411 0
7412 218
7413 218
7414 11
7415 233
7416 245
7417 22
7418 38
7419 37
7420 0
7421 0
7422 218
7423 218
7424 11
7425 233
7426 245
7427 22
7428 38
7429 37
7430 0
7431 0
7432 218
7433 218
7434 11
7435 233
7436 245
7437 22
7438 38
7439 37
7440 0
7441 0
7442 218
7443 218
7444 11
7445 233
7446 245
7447 22
7448 38
7449 37
7450 0
7451 0
7452 218
7453 218
7454 11
7455 233
7456 245
7457 22
7458 38
7459 37
7460 0
7461 0
7462 218
7463 218
7464 11
7465 233
7466 245
7467 22
7468 38
7469 37
7470 0
7471 0
7472 218
7473 218
7474 11
7475 233
7476 245
7477 22
7478 38
7479 37
7480 0
7481 0
7482 218
7483 218
7484 11
7485 233
7486 245
7487 22
7488 38
7489 37
7490 0
7491 0
7492 218
7493 218
7494 11
7495 233
7496 245
7497 22
7498 38
7499 37
7500 0
7501 0
7502 218
7503 218
7504 11
7505 233
7506 245
7507 22
7508 38
7509 37
7510 0
7511 0
7512 218
7513 218
7514 11
7515 233
7516 245
7517 22
7518 38
7519 37
7520 0
7521 0
7522 218
7523 218
7524 11
7525 233
7526 245
7527 22
7528 38
7529 37
7530 0
7531 0
7532 218
7533 218
7534 11
7535 233
7536 245
7537 22
7538 38
7539 37
7540 0
7541 0
7542 218
7543 218
7544 11
7545 233
7546 245
7547 22
7548 38
7549 37
7550 0
7551 0
7552 218
7553 218
7554 11
7555 233
7556 245
7557 22
7558 38
7559 37
7560 0
7561 0
7562 218
7563 218
7564 11
7565 233
7566 245
7567 22
7568 38
7569 37
7570 0
7571 0
7572 218
7573 218
7574 11
7575 233
7576 245
7577 22
7578 38
7579 37
7580 0
7581 0
7582 218
7583 218
7584 11
7585 233
7586 245
7587 22
7588 38
7589 37
7590 0
7591 0
7592 218
7593 218
7594 11
7595 233
7596 245
7597 22
7598 38
7599 37
7600 0
7601 0
7602 218
7603 218
7604 11
7605 233
7606 245
7607 22
7608 38
7609 37
7610 0
7611 0
7612 218
7613 218
7614 11
7615 233
7616 245
7617 22
7618 38
7619 37
7620 0
7621 0
7622 218
7623 218
7624 11
7625 233
7626 245
7627 22
7628 38
7629 37
7630 0
7631 0
7632 218
7633 218
7634 11
7635 233
7636 245
7637 22
7638 38
7639 37
7640 0
7641 0
7642 218
7643 218
7644 11
7645 233
7646 245
7647 22
7648 38
7649 37
7650 0
7651 0
7652 218
7653 218
7654 11
7655 233
7656 245
7657 22
7658 38
7659 37
7660 0
7661 0
7662 218
7663 218
7664 11
7665 233
7666 245
7667 22
7668 38
7669 37
7670 0
7671 0
7672 218
7673 218
7674 11
7675 233
7676 245
7677 22
7678 38
7679 37
7680 0
7681 0
7682 218
7683 218
7684 11
7685 233
7686 245
7687 22
7688 38
7689 37
7690 0
7691 0
7692 218
7693 218
7694 11
7695 233
7696 245
7697 22
7698 38
7699 37
7700 0
7701 0
7702 218
7703 218
7704 11
7705 233
7706 245
7707 22
7708 38
7709 37
7710 0
7711 0
7712 218
7713 218
7714 11
7715 233
7716 245
7717 22
7718 38
7719 37
7720 0
7721 0
7722 218
7723 218
7724 11
7725 233
7726 245
7727 22
7728 38
7729 37
7730 0
7731 0
7732 218
7733 218
7734 11
7735 233
7736 245
7737 22
7738 38
7739 37
7740 0
7741 0
7742 218
7743 218
7744 11
7745 233
7746 245
7747 22
7748 38
7749 37
7750 0
7751 0
7752 218
7753 218
7754 11
7755 233
7756 245
7757 22
7758 38
7759 37
7760 0
7761 0
7762 218
7763 218
7764 11
7765 233
7766 245
7767 22
7768 38
7769 37
7770 0
7771 0
7772 218
7773 218
7774 11
7775 233
7776 245
7777 22
7778 38
7779 37
7780 0
7781 0
7782 218
7783 218
7784 11
7785 233
7786 245
7787 22
7788 38
7789 37
7790 0
7791 0
7792 218
7793 218
7794 11
7795 233
7796 245
7797 22
7798 38
7799 37
7800 0
7801 0
7802 218
7803 218
7804 11
7805 233
7806 245
7807 22
7808 38
7809 37
7810 0
7811 0
7812 218
7813 218
7814 11
7815 233
7816 245
7817 22
7818 38
7819 37
7820 0
7821 0
7822 218
7823 218
7824 11
7825 233
7826 245
7827 22
7828 38
7829 37
7830 0
7831 0
7832 218
7833 218
7834 11
7835 233
7836 245
7837 22
7838 38
7839 37
7840 0
7841 0
7842 218
7843 218
7844 11
7845 233
7846 245
7847 22
7848 38
7849 37
7850 0
7851 0
7852 218
7853 218
7854 11
7855 233
7856 245
7857 22
7858 38
7859 37
7860 0
7861 0
7862 218
7863 218
7864 11
7865 233
7866 245
7867 22
7868 38
7869 37
7870 0
7871 0
7872 218
7873 218
7874 11
7875 233
7876 245
7877 22
7878 38
7879 37
7880 0
7881 0
7882 218
7883 218
7884 11
7885 233
7886 245
7887 22
7888 38
7889 37
7890 0
7891 0
7892 218
7893 218
7894 11
7895 233
7896 245
7897 22
7898 38
7899 37
7900 0
7901 0
7902 218
7903 218
7904 11
7905 233
7906 245
7907 22
7908 38
7909 37
7910 0
7911 0
7912 218
7913 218
7914 11
7915 233
7916 245
7917 22
7918 38
7919 37
7920 0
7921 0
7922 218
7923 218
7924 11
7925 233
7926 245
7927 22
7928 38
7929 37
7930 0
7931 0
7932 218
7933 218
7934 11
7935 233
7936 245
7937 22
7938 38
7939 37
7940 0
7941 0
7942 218
7943 218
7944 11
7945 233
7946 245
7947 22
7948 38
7949 37
7950 0
7951 0
7952 218
7953 218
7954 11
7955 233
7956 245
7957 22
7958 38
7959 37
7960 0
7961 0
7962 218
7963 218
7964 11
7965 233
7966 245
7967 22
7968 38
7969 37
7970 0
7971 0
7972 218
7973 218
7974 11
7975 233
7976 245
7977 22
7978 38
7979 37
7980 0
7981 0
7982 218
7983 218
7984 11
7985 233
7986 245
7987 22
7988 38
7989 37
7990 0
7991 0
7992 218
7993 218
7994 11
7995 233
7996 245
7997 22
7998 38
7999 37
8000 0
8001 0
8002 218
8003 218
8004 11
8005 233
8006 245
8007 22
8008 38
8009 37
8010 0
8011 0
8012 218
8013 218
8014 11
8015 233
8016 245
8017 22
8018 38
8019 37
8020 0
8021 0
8022 218
8023 218
8024 11
8025 233
8026 245
8027 22
8028 38
8029 37
8030 0
8031 0
8032 218
8033 218
8034 11
8035 233
8036 245
8037 22
8038 38
8039 37
8040 0
8041 0
8042 218
8043 218
8044 11
8045 233
8046 245
8047 22
8048 38
8049 37
8050 0
8051 0
8052 218
8053 218
8054 11
8055 233
8056 245
8057 22
8058 38
8059 37
8060 0
8061 0
8062 218
8063 218
8064 11
8065 233
8066 245
8067 22
8068 38
8069 37
8070 0
8071 0
8072 218
8073 218
8074 11
8075 233
8076 245
8077 22
8078 38
8079 37
8080 0
8081 0
8082 218
8083 218
8084 11
8085 233
8086 245
8087 22
8088 38
8089 37
8090 0
8091 0
8092 218
8093 218
8094 11
8095 233
8096 245
8097 22
8098 38
8099 37
8100 0
8101 0
8102 218
8103 218
8104 11
8105 233
8106 245
8107 22
8108 38
8109 37
8110 0
8111 0
8112 218
8113 218
8114 11
8115 233
8116 245
8117 22
8118 38
8119 37
8120 0
8121 0
8122 218
8123 218
8124 11
8125 233
8126 245
8127 22
8128 38
8129 37
8130 0
8131 0
8132 218
8133 218
8134 11
8135 233
8136 245
8137 22
8138 38
8139 37
8140 0
8141 0
8142 218
8143 218
8144 11
8145 233
8146 245
8147 22
8148 38
8149 37
8150 0
8151 0
8152 218
8153 218
8154 11
8155 233
8156 245
8157 22
8158 38
8159 37
8160 0
8161 0
8162 218
8163 218
8164 11
8165 233
8166 245
8167 22
8168 38
8169 37
8170 0
8171 0
8172 218
8173 218
8174 11
8175 233
8176 245
8177 22
8178 38
8179 37
8180 0
8181 0
8182 218
8183 218
8184 11
8185 233
8186 245
8187 22
8188 38
8189 37
8190 0
8191 0
8192 218
8193 218
8194 11
8195 233
8196 245
8197 22
8198 38
8199 37
8200 0
8201 0
8202 218
8203 218
8204 11
8205 233
8206 245
8207 22
8208 38
8209 37
8210 0
8211 0
8212 218
8213 218
8214 11
8215 233
8216 245
8217 22
8218 38
8219 37
8220 0
8221 0
8222 218
8223 218
8224 11
8225 233
8226 245
8227 22
8228 38
8229 37
8230 0
8231 0
8232 218
8233 218
8234 11
8235 233
8236 245
8237 22
8238 38
8239 37
8240 0
8241 0
8242 218
8243 218
8244 11
8245 233
8246 245
8247 22
8248 38
8249 37
8250 0
8251 0
8252 218
8253 218
8254 11
8255 233
8256 245
8257 22
8258 38
8259 37
8260 0
8261 0
8262 218
8263 218
8264 11
8265 233
8266 245
8267 22
8268 38
8269 37
8270 0
8271 0
8272 218
8273 218
8274 11
8275 233
8276 245
8277 22
8278 38
8279 37
8280 0
8281 0
8282 218
8283 218
8284 11
8285 233
8286 245
8287 22
8288 38
8289 37
8290 0
8291 0
8292 218
8293 218
8294 11
8295 233
8296 245
8297 22
8298 38
8299 37
8300 0
8301 0
8302 218
8303 218
8304 11
8305 233
8306 245
8307 22
8308 38
8309 37
8310 0
8311 0
8312 218
8313 218
8314 11
8315 233
8316 245
8317 22
8318 38
8319 37
8320 0
8321 0
8322 218
8323 218
8324 11
8325 233
8326 245
8327 22
8328 38
8329 37
8330 0
8331 0
8332 218
8333 218
8334 11
8335 233
8336 245
8337 22
8338 38
8339 37
8340 0
8341 0
8342 218
8343 218
8344 11
8345 233
8346 245
8347 22
8348 38
8349 37
8350 0
8351 0
8352 218
8353 218
8354 11
8355 233
8356 245
8357 22
8358 38
8359 37
8360 0
8361 0
8362 218
8363 218
8364 11
8365 233
8366 245
8367 22
8368 38
8369 37
8370 0
8371 0
8372 218
8373 218
8374 11
8375 233
8376 245
8377 22
8378 38
8379 37
8380 0
8381 0
8382 218
8383 218
8384 11
8385 233
8386 245
8387 22
8388 38
8389 37
8390 0
8391 0
8392 218
8393 218
8394 11
8395 233
8396 245
8397 22
8398 38
8399 37
8400 0
8401 0
8402 218
8403 218
8404 11
8405 233
8406 245
8407 22
8408 38
8409 37
8410 0
8411 0
8412 218
8413 218
8414 11
8415 233
8416 245
8417 22
8418 38
8419 37
8420 0
8421 0
8422 218
8423 218
8424 11
8425 233
8426 245
8427 22
8428 38
8429 37
8430 0
8431 0
8432 218
8433 218
8434 11
8435 233
8436 245
8437 22
8438 38
8439 37
8440 0
8441 0
8442 218
8443 218
8444 11
8445 233
8446 245
8447 22
8448 38
8449 37
8450 0
8451 0
8452 218
8453 218
8454 11
8455 233
8456 245
8457 22
8458 38
8459 37
8460 0
8461 0
8462 218
8463 218
8464 11
8465 233
8466 245
8467 22
8468 38
8469 37
8470 0
8471 0
8472 218
8473 218
8474 11
8475 233
8476 245
8477 22
8478 38
8479 37
8480 0
8481 0
8482 218
8483 218
8484 11
8485 233
8486 245
8487 22
8488 38
8489 37
8490 0
8491 0
8492 218
8493 218
8494 11
8495 233
8496 245
8497 22
8498 38
8499 37
8500 0
8501 0
8502 218
8503 218
8504 11
8505 233
8506 245
8507 22
8508 38
8509 37
8510 0
8511 0
8512 218
8513 218
8514 11
8515 233
8516 245
8517 22
8518 38
8519 37
8520 0
8521 0
8522 218
8523 218
8524 11
8525 233
8526 245
8527 22
8528 38
8529 37
8530 0
8531 0
8532 218
8533 218
8534 11
8535 233
8536 245
8537 22
8538 38
8539 37
8540 0
8541 0
8542 218
8543 218
8544 11
8545 233
8546 245
8547 22
8548 38
8549 37
8550 0
8551 0
8552 218
8553 218
8554 11
8555 233
8556 245
8557 22
8558 38
8559 37
8560 0
8561 0
8562 218
8563 218
8564 11
8565 233
8566 245
8567 22
8568 38
8569 37
8570 0
8571 0
8572 218
8573 218
8574 11
8575 233
8576 245
8577 22
8578 38
8579 37
8580 0
8581 0
8582 218
8583 218
8584 11
8585 233
8586 245
8587 22
8588 38
8589 37
8590 0
8591 0
8592 218
8593 218
8594 11
8595 233
8596 245
8597 22
8598 38
8599 37
8600 0
8601 0
8602 218
8603 218
8604 11
8605 233
8606 245
8607 22
8608 38
8609 37
8610 0
8611 0
8612 218
8613 218
8614 11
8615 233
8616 245
8617 22
8618 38
8619 37
8620 0
8621 0
8622 218
8623 218
8624 11
8625 233
8626 245
8627 22
8628 38
8629 37
8630 0
8631 0
8632 218
8633 218
8634 11
8635 233
8636 245
8637 22
8638 38
8639 37
8640 0
8641 0
8642 218
8643 218
8644 11
8645 233
8646 245
8647 22
8648 38
8649 37
8650 0
8651 0
8652 218
8653 218
8654 11
8655 233
8656 245
8657 22
8658 38
8659 37
8660 0
8661 0
8662 218
8663 218
8664 11
8665 233
8666 245
8667 22
8668 38
8669 37
8670 0
8671 0
8672 218
8673 218
8674 11
8675 233
8676 245
8677 22
8678 38
8679 37
8680 0
8681 0
8682 218
8683 218
8684 11
8685 233
8686 245
8687 22
8688 38
8689 37
8690 0
8691 0
8692 218
8693 218
8694 11
8695 233
8696 245
8697 22
8698 38
8699 37
8700 0
8701 0
8702 218
8703 218
8704 11
8705 233
8706 245
8707 22
8708 38
8709 37
8710 0
8711 0
8712 218
8713 218
8714 11
8715 233
8716 245
8717 22
8718 38
8719 37
8720 0
8721 0
8722 218
8723 218
8724 11
8725 233
8726 245
8727 22
8728 38
8729 37
8730 0
8731 0
8732 218
8733 218
8734 11
8735 233
8736 245
8737 22
8738 38
8739 37
8740 0
8741 0
8742 218
8743 218
8744 11
8745 233
8746 245
8747 22
8748 38
8749 37
8750 0
8751 0
8752 218
8753 218
8754 11
8755 233
8756 245
8757 22
8758 38
8759 37
8760 0
8761 0
8762 218
8763 218
8764 11
8765 233
8766 245
8767 22
8768 38
8769 37
8770 0
8771 0
8772 218
8773 218
8774 11
8775 233
8776 245
8777 22
8778 38
8779 37
8780 0
8781 0
8782 218
8783 218
8784 11
8785 233
8786 245
8787 22
8788 38
8789 37
8790 0
8791 0
8792 218
8793 218
8794 11
8795 233
8796 245
8797 22
8798 38
8799 37
8800 0
8801 0
8802 218
8803 218
8804 11
8805 233
8806 245
8807 22
8808 38
8809 37
8810 0
8811 0
8812 218
8813 218
8814 11
8815 233
8816 245
8817 22
8818 38
8819 37
